0.0
-2.2439396E-7
-6.731819E-7
-9.873334E-6
-0.051694084
7.790958E-4
-0.14716047
-0.04659249
0.19152203
0.067362845
0.12104236
0.035655078
-0.010477402
-0.10788233
-0.018222809
-0.16759469
0.011582992
0.013515697
-0.011807161
0.13164453
0.03244961
0.07904412
0.0052972683
-0.016552644
-0.10989515
-0.0065374933
-0.13057865
0.009269041
0.04597226
-0.006282133
0.13535331
0.028375963
0.057607315
-0.028177822
-0.017687853
-0.14057541
6.280787E-4
-0.07662717
0.016086578
0.08975714
0.03669537
0.083152995
-0.07916529
0.019620784
-0.03397706
-0.03291343
-0.009226182
0.008734983
0.023325527
0.012433108
-0.0031593547
0.0044225804
-0.006556343
-0.0015061322
0.0028186124
-0.0036376505
-0.0058824876
0.0076758442
-0.005305122
0.0018458647
0.0025060317
-7.339926E-4
0.0019113878
-1.4563168E-4
6.7811855E-4
-0.0026754492
0.0020547754
-0.004874734
0.004546446
-0.0026534586
1.373291E-4
4.487879E-5
5.192476E-4
8.8141946E-4
-7.741591E-5
8.015352E-4
-0.0015397914
0.002253364
-0.00306208
0.00285474
-0.0025643741
0.0012203666
-0.0019846524
-0.0027460211
-0.0016441345
0.0014015647
0.0034105638
0.0030035132
0.013589971
-0.002000472
0.012112337
-0.036512937
0.028469535
-0.17996776
0.05120805
0.04812151
0.19205093
0.044530757
0.016663495
-0.1052374
-0.018292595
-0.1880408
0.009299783
-0.007705913
-0.017223807
0.12846845
0.026715672
0.10351338
0.0032727858
0.0048361383
-0.10780088
-0.01155584
-0.13766794
0.006116306
0.035282582
-0.013660206
0.13713634
0.019209918
0.07886438
-0.026597865
-0.0067710876
-0.12772235
-0.0039354214
-0.10394848
5.838731E-4
0.07761607
-0.009652755
0.14137313
0.011589948
0.056077845
-0.10316041
-0.042753555
-0.055660695
0.035095215
0.016385246
-0.032404732
0.06094854
-0.0038927863
0.0032752543
-0.026108237
-0.013335733
0.0066149095
0.0021997339
0.013253268
2.5737987E-4
-0.006383559
-0.001295202
0.0021739285
9.4402535E-4
-2.5154563E-4
0.0012768016
-0.0022289052
3.529717E-4
8.4192614E-4
-3.1415155E-5
-0.0012893677
-3.9942123E-4
0.0014327554
0.0013739642
-9.922701E-4
-9.50084E-4
8.132037E-4
9.761137E-5
-3.3883487E-5
-0.0046195984
0.001572104
0.0021665236
-4.3711942E-4
0.0011262333
-3.855088E-4
-3.93587E-4
4.5507096E-4
-0.0018110836
0.004618925
4.5888562E-5
-0.0011031207
0.0036521237
-0.0073412727
-0.0062801135
-0.00839772
0.0293569
-0.023431666
0.10962744
0.13351889
-0.25419122
0.061076444
-0.11064978
-0.08967905
0.16328049
-0.19676837
0.21416092
0.011341544
0.016391754
0.14557827
-0.19616543
0.07738966
-0.069999024
-0.124862
0.11734301
-0.16252854
0.14321406
0.044252507
-0.03518587
0.17641583
-0.15817104
0.09658297
-0.04494409
-0.16754061
0.10360022
-0.13954723
0.09530527
0.08863584
-0.08549634
0.17548056
-0.12643836
0.02358762
0.03102179
-0.07623762
0.045573965
-0.0057263095
-0.040873583
0.030430064
-0.019802991
0.011153726
0.005444919
-0.0032970204
0.0052568773
-0.00907135
0.006771761
-0.011076534
0.007438884
8.8186824E-4
-0.0036383236
0.004062877
-0.0037637597
0.0026420145
-2.4750654E-4
2.9530245E-4
-5.3181365E-4
-9.7835764E-5
-0.001284431
0.0011107501
-7.315243E-4
-6.130443E-4
0.012304418
-0.0054637683
-0.018677207
0.15479504
0.020442514
-0.25853908
0.0656947
-0.14945288
0.03353994
0.1580869
-0.15487559
0.25108472
-0.06577638
0.06907093
0.06324679
-0.22783527
0.070795394
-0.09945095
-0.041474063
0.14024039
-0.15986992
0.19387683
-0.020151699
0.013361987
0.12117812
-0.20302044
0.088815354
-0.079780355
-0.08199377
0.14525402
-0.09210833
0.043536466
-0.0016094657
-0.0107114455
0.034731697
-0.014590544
0.015469271
-0.0074254205
-0.0050336053
0.0026451559
-0.011570201
0.008932674
7.1402156E-4
0.0014197406
0.0030609579
1.4630485E-4
0.005707909
-5.533555E-4
-0.044072542
-0.03495744
0.0810805
-0.05149056
0.052690618
0.0071719675
-0.019298442
0.02727991
-0.036091525
0.012532627
0.0014693317
-0.009847977
0.023297478
-0.018570395
0.002313726
0.006393657
-0.019347472
0.015561721
0.010610469
-0.037423752
0.03233629
-0.0013712714
-0.087814555
0.038675196
0.027243447
-0.066288665
0.24669826
-0.13930063
0.12433624
-0.06421145
-0.17870308
0.07682127
-0.13161357
0.08060276
0.0673128
-0.073759414
0.18729086
-0.09769193
0.09648738
-0.013703964
-0.16787495
0.07639268
-0.12159213
0.052443113
0.076733984
-0.10559374
0.17581469
-0.09237447
0.08396093
0.036175337
-0.1688919
0.09790869
-0.12825382
0.022731557
0.07992217
-0.12334083
0.16813593
-0.08034628
0.064621866
0.07291614
-0.16073631
0.12159168
-0.13133913
-0.016470293
0.11658657
-0.10687817
0.03273504
0.048859987
-0.087706625
0.09806061
0.056545258
-0.14055768
0.14161368
-0.020457324
-0.13038209
0.1616451
-0.01329983
-0.14211789
0.15547718
0.007369546
-0.15384652
0.13090426
0.029201956
-0.16100705
0.10787481
0.053367503
-0.15999492
0.08704264
0.07451215
-0.15197216
0.060247757
0.084171295
-0.13471884
0.029391007
0.08721655
-0.11265833
-4.4430002E-5
0.09174167
-0.08742725
-0.026326347
0.092111476
-0.06320707
-0.01949602
0.06410711
-0.07218978
0.02743059
0.016096676
0.008463242
0.0069646277
-0.012539022
-0.003433003
0.0034965067
5.5111153E-4
-0.010554594
0.004831202
-6.4109353E-4
-0.0018692017
0.0011998345
0.0036264306
-0.0023956299
-0.0012413474
0.0037590475
-0.002794378
-0.0018225277
0.002090454
-1.9612032E-4
-0.001789093
0.0021723579
8.017596E-4
-6.6353293E-4
2.4975048E-4
3.606011E-4
2.935073E-4
-0.0016243878
3.9762608E-4
0.0010524077
-0.0017801173
7.225486E-5
0.0012981191
-5.867902E-4
-2.116035E-4
3.9627973E-4
-3.424252E-4
0.002294877
-4.422805E-4
-0.010184008
0.008875118
4.2522655E-4
-0.008850322
0.0056148977
0.014056374
-0.012293423
-0.0057254117
-0.005844116
0.07838485
0.053268433
-0.21153641
0.29946405
-0.0566404
-0.24575873
0.24911903
0.0024562161
-0.22780228
0.19257714
0.04250358
-0.21400227
0.14045379
0.07589251
-0.20792614
0.101314545
0.10569808
-0.20115572
0.065486684
0.13120136
-0.18398778
0.023283565
0.14974146
-0.1548583
-0.02511664
0.1624693
-0.12318308
-0.07040327
0.16817856
-0.09063272
-0.10700787
0.16471033
-0.056224823
-0.13302365
0.1541941
-0.013526019
-0.11017294
0.13615866
-0.04071404
-0.049567055
0.12547055
-0.10402926
-0.013495726
0.071432896
-0.024816401
-0.017196879
0.03861203
-0.033672445
-0.0021992852
0.016358094
-0.01663309
0.001398311
0.0031622718
-0.007674049
0.0055481405
-0.0026173312
-0.0044192146
0.006132238
-0.002250447
-0.001991272
0.0018909678
2.5895063E-4
-9.251763E-4
-5.1386218E-5
0.0010503881
-1.8826652E-4
-9.7207463E-4
8.735657E-4
2.046473E-4
-4.3577305E-4
-6.949481E-4
3.152735E-4
6.042929E-4
-0.0011816586
0.0010625054
-5.286722E-4
5.863414E-4
-2.8924382E-4
0.0010257048
-8.394578E-4
-0.0015660455
-9.424546E-6
5.401163E-4
9.50084E-4
-3.7361594E-4
-4.907496E-4
0.018012328
-0.012637643
-0.011154624
0.04582596
0.1044417
-0.09663862
-0.1350948
-0.0715792
0.11453516
0.17477058
-0.0429959
-0.078038834
-0.14398372
0.045768514
0.17263031
0.026802287
-0.06629831
-0.1650918
0.0022470811
0.17329228
0.076319076
-0.056530673
-0.18195994
-0.03422322
0.17135149
0.112545684
-0.04432521
-0.19412658
-0.060622048
0.16224222
0.14456154
-0.030469783
-0.20458625
-0.06425543
0.1307777
0.11155207
-0.016218971
-0.12193837
0.0028150221
0.011334139
0.017294042
0.049307317
-0.021103017
-0.008873098
-0.01663668
4.6718822E-4
0.017075034
-3.612743E-5
-9.1889326E-4
-0.0076403897
-0.0017480289
0.0036232893
0.002957288
-6.509669E-4
-0.0016834035
2.5895063E-4
-9.1530295E-4
0.0010885351
-1.11972586E-4
-0.0029332777
1.1668486E-4
0.004714966
9.583866E-4
-0.0013618469
-0.0011830049
-0.0017713659
0.0054774564
-0.016584508
-0.0034339007
0.10186543
0.10469257
-0.22805853
-0.16527198
0.07121344
0.20425348
0.108968176
-0.19046672
-0.08325958
-0.0197626
0.12946454
0.118520625
-0.12185804
-0.05947876
-0.062736735
0.08674958
0.12897784
-0.06117428
-0.049434885
-0.10382147
0.040394276
0.14514475
-3.0540017E-4
-0.031605214
-0.14084603
-0.008062474
0.13030288
0.053953506
-0.005049313
-0.11511388
-0.009946262
0.018163344
0.023414388
0.048450246
-0.03775002
-7.449879E-5
-0.014858246
-7.203046E-5
0.015712962
-0.0035043603
0.0018537184
-0.00785693
-0.01610206
0.023269877
0.034350228
0.019042071
-0.12357308
-0.015563516
0.0888553
0.038559634
0.0015682894
-0.058357913
-0.005558014
0.011451946
0.0069948086
0.016157039
-0.015776467
-0.0048673293
-0.003769594
0.0034759745
0.01073568
-0.0055429796
0.0018070445
-8.809707E-4
-0.0058324477
-0.010658713
-2.522188E-4
-0.099386774
0.02273784
0.23755398
0.05716548
-0.23817915
-0.10608023
0.029974544
0.16776612
0.09626411
-0.15004349
-0.08527128
-0.02517184
0.120231405
0.11402377
-0.095500946
-0.07692315
-0.064139195
0.08867399
0.13026091
-0.048848543
-0.0768657
-0.09794774
0.061785754
0.14744702
-0.0094283605
-0.075660706
-0.12539807
0.035271365
0.16093759
0.025017906
-0.073241964
-0.14752153
0.011144077
0.1698458
0.05599639
-0.068239324
-0.1675341
-0.01028218
0.17594191
0.08204247
-0.054584503
-0.13265407
0.03873623
0.00982969
0.0016412174
0.0011044671
7.398269E-4
4.945643E-4
3.224541E-4
2.1093032E-4
1.3396319E-4
0.0
