35
35
35
35
35
35
3
3
3
3
3
3
2
2
2
2
2
2
2
2
2
2
2
2
2
2
2
2
2
3
3
3
3
3
3
3
3
3
3
3
8
8
8
8
8
3
3
3
3
3
3
3
3
3
3
3
3
3
3
3
3
3
3
3
3
3
3
3
5
5
5
5
5
5
2
2
2
2
2
2
2
2
2
2
2
2
2
2
2
2
2
2
2
2
2
2
3
3
3
3
3
3
5
5
5
5
5
3
3
3
3
3
3
3
3
3
3
3
3
3
3
3
3
3
5
5
5
5
5
5
5
5
5
5
5
8
8
8
8
8
8
27
27
27
27
27
27
13
13
13
13
13
13
13
13
13
13
13
28
28
28
28
28
28
28
28
28
28
28
8
8
8
8
8
8
100
100
100
100
100
100
100
100
100
100
100
100
100
100
100
100
100
0
0
0
0
0
100
100
100
100
100
100
7
7
7
7
7
7
9
9
9
9
9
7
7
7
7
7
7
7
7
7
7
7
100
100
100
100
100
100
100
100
100
100
100
100
8
8
8
8
8
11
11
11
11
11
11
13
13
13
13
13
13
16
16
16
16
16
105
105
105
105
105
105
9
9
9
9
9
9
9
9
9
9
9
7
7
7
7
7
7
7
7
7
7
7
7
7
7
7
7
7
7
7
7
7
7
7
8
8
8
8
8
9
9
9
9
9
9
13
13
13
13
13
13
13
13
13
13
13
81
81
81
81
81
81
8
8
8
8
8
6
6
6
6
6
6
9
9
9
9
9
9
7
7
7
7
7
7
7
7
7
7
7
73
73
73
73
73
174
174
174
174
174
174
8
8
8
8
8
8
15
15
15
15
15
13
13
13
13
13
13
81
81
81
81
81
81
7
7
7
7
7
8
8
8
8
8
8
8
8
8
8
8
11
11
11
11
11
11
13
13
13
13
13
13
23
23
23
23
23
33
33
33
33
33
33
33
33
33
33
33
33
33
33
33
33
33
33
33
33
33
33
33
33
33
33
33
33
8
8
8
8
8
8
3
3
3
3
3
3
17
17
17
17
17
8
8
8
8
8
8
7
7
7
7
7
7
7
7
7
7
7
7
7
7
7
7
7
7
7
7
7
7
3
3
3
3
3
3
2
2
2
2
2
2
2
2
2
2
2
2
2
2
2
2
2
2
2
2
2
2
2
1
1
1
1
1
0
0
0
0
0
0
0
0
0
0
0
0
0
0
0
0
0
0
0
0
0
0
0
0
0
0
0
0
0
0
0
0
0
0
0
0
0
0
0
0
0
0
0
0
0
0
0
0
0
0
0
0
0
0
0
0
0
0
0
0
0
0
0
0
0
0
0
0
0
0
0
0
0
0
0
0
0
0
0
0
0
0
0
0
0
0
0
0
0
0
0
0
0
0
0
0
0
0
0
0
0
0
0
0
0
0
0
0
0
0
0
0
0
0
0
0
0
0
0
0
0
0
0
0
0
0
0
0
0
0
0
0
0
0
0
0
0
0
0
0
0
0
0
0
0
0
0
0
0
0
0
0
0
0
0
0
0
0
0
0
0
0
0
0
0
0
0
0
0
0
0
0
0
0
0
0
0
0
0
0
0
0
0
0
0
0
0
0
0
0
0
