1.5191272E-6
-3.7539323E-4
-1.9512344E-4
0.0017426077
-0.0014669705
0.008154337
-0.0182751
-0.085092224
-0.007561878
0.23903501
-0.46986553
0.6128735
0.04478556
-0.81942904
0.63091177
-0.26235968
-0.13215984
0.6091234
-0.38005742
0.0094055915
0.23241751
-0.50022143
0.23882873
0.2906114
-0.41365343
0.31972107
-0.18321484
-0.13724184
0.21933176
-0.1701544
0.1058857
-0.0045857388
0.008488883
-0.06103347
0.067190826
0.011751462
0.029753795
-0.015087971
-0.03395587
0.037154306
-0.068002716
0.026277019
-7.1871595E-4
9.492857E-4
-0.04720097
0.020616245
0.0058601177
-0.0039851773
0.03540056
-0.036039773
0.0552039
-0.062341604
0.043735165
-0.014486228
0.003355752
0.0047952095
-0.011512115
0.009065645
-0.0032586968
0.018408278
-0.019636914
0.015060458
-0.026496785
0.00570753
-0.007974405
0.011510764
-0.016553592
0.007871442
5.9549784E-4
0.00840128
0.009419095
0.002203916
-0.022216054
-0.1751947
0.23679075
0.102740765
-0.44793677
0.6384196
-0.17444712
-0.7669191
0.81639045
-0.4331825
0.06529496
0.58114463
-0.57581115
0.21468626
0.10013192
-0.5092725
0.45218882
0.1655906
-0.33154377
0.30798885
-0.22071163
-0.21445484
0.28751913
-0.22086489
0.112346716
0.031443063
-0.034351684
-0.024135893
0.017851263
0.05124759
0.01564161
-0.012727923
-0.01389495
0.023129556
-0.05737068
0.040028326
-0.023627661
0.009920069
-0.04767021
0.005888981
0.035718225
-0.017807547
0.04624088
-0.06036235
0.05651913
-0.05090781
0.01951724
0.018831776
-0.018399838
0.019031458
-0.03413057
0.0236626
-0.011066842
0.004872347
-6.1187067E-4
0.0077937976
-0.006058617
0.004993371
-0.006183692
0.011004388
-0.007886296
0.0022052664
-0.009176541
0.0074118217
-5.2426767E-4
0.0033410671
0.05925997
0.12945546
-0.23044248
0.09489144
0.070736974
-0.10313473
-0.14563535
0.0824118
0.03765545
0.017179135
0.051900137
-0.02371712
-0.011474136
0.023298685
-0.04822503
-0.013445289
0.01707769
-0.034556095
-0.0068377606
0.037094556
-0.010772637
0.009769676
0.016700102
-0.0046274303
-0.0042825886
0.008804523
0.0035832834
-0.009352759
0.010528564
-0.013149565
-0.0017372064
-0.011563765
0.0025661434
-0.012769783
0.008829674
0.0076356395
-0.0073080147
0.01154081
-0.011857125
0.0123927025
-0.0033478187
-0.008315196
-0.001357931
0.011676855
0.0053101936
0.0083332565
0.0011280363
-0.0052256286
-0.0059745586
-0.028108073
-0.012807255
-0.0037311453
0.024743713
0.024648346
0.035753503
0.011878562
-0.003982814
-0.03444047
-0.045623105
-0.024792155
-0.0014387822
0.0077792816
0.023571622
-0.0023779403
0.0026372047
-8.177968E-4
0.008043272
0.016894044
-0.005848471
0.035229404
0.0020201015
-0.009707054
5.9786096E-4
-0.03222609
0.0054926574
0.0060304287
0.030468965
-0.012546641
-0.045730792
-0.025090074
-0.007919041
0.006560435
0.027143765
0.034854684
0.004038009
-0.004784238
-0.008423392
-0.0066738636
-0.012343752
0.017045788
0.0028238888
0.0048958096
-0.013301309
-0.005186638
-0.01192785
-0.0011385015
0.015067041
0.0073034572
0.00460515
0.0022616428
-8.9814176E-4
-0.012965244
-0.075954504
0.099793494
0.06249858
-0.053220764
0.05130025
-0.08115447
-0.0021402815
-0.022495404
6.68416E-4
0.002779834
0.02155287
0.007783839
-0.010108441
0.0021264404
0.0105621535
-0.01271155
0.0060776905
-0.011654237
-0.0078034187
-0.009557504
0.008815832
0.0087270485
-0.005418558
-0.008924873
-0.001250748
-0.005055149
0.01095257
0.012104406
0.015691064
-0.03052011
0.04167118
-0.0463506
0.03488912
-0.011287621
0.0031852722
-0.0028623731
-0.008412251
-0.0010888766
-0.01721745
0.01306095
-0.0034119596
0.021900581
-0.020668233
0.006759272
-0.009177723
0.008878792
-0.0028076847
0.008020148
-0.004061471
-0.0073723244
-0.0069366726
0.010362135
-0.0024314474
0.008899385
0.002302828
-0.005007718
-0.0036835459
0.00343289
0.0077640903
-0.0136659
-0.0014867191
-0.0015576117
-0.03741644
0.10533628
-0.07158566
-0.035926685
0.08813284
-0.08465927
0.056988876
-0.016263269
0.0040120147
0.013018413
5.6882873E-5
0.0048294743
-0.009652028
0.002075803
0.0033667234
0.011452363
-0.0063548465
0.0029106478
-0.011813914
-0.018752782
-0.007771686
-0.00450455
0.0039066887
0.008571085
-4.910157E-4
0.0071019195
0.009682917
0.009075266
0.004232795
0.009278998
1.1511608E-4
-0.002850389
-0.011615922
0.0103374915
-0.0064645614
-3.7691233E-4
-0.030329375
0.0123160705
-0.0180182
-0.015766514
0.0131731955
0.025098851
-0.0044066506
0.00995079
-0.007377557
0.023378862
-0.008440608
-0.01438394
0.007527613
0.0082807625
0.0027435438
0.0030446686
-0.006756909
-0.021813147
-0.006235848
-0.005282174
-0.002595682
-0.004211527
0.01118162
-0.0012512545
0.0017613436
0.002287468
0.012108288
-0.0029700624
-0.0060500083
0.030678943
-0.00346361
0.048586752
-0.0771801
0.0044017555
0.07479018
-0.05578134
0.008871534
-0.05147816
0.03142264
-0.02101341
-0.009114763
0.023617027
-0.0035937487
0.008788319
0.012133438
0.0015182833
-0.0016598996
-0.008763845
-0.0040361523
-0.018017018
-0.011886495
0.009943362
0.0068499134
0.0029261766
0.0041755745
0.014495343
-0.0019198392
-0.0067299022
0.0056207706
5.6207708E-5
-0.009463319
0.012681505
0.0057804477
-0.049867038
-0.1983462
0.31781763
-0.031666882
-0.069334485
-0.011213353
-0.025820605
0.05182992
0.03384261
0.0012193528
0.017120732
-0.045925073
-0.004189584
-0.009806303
0.0019998467
0.017138118
-0.0054138317
-0.023673909
8.302874E-4
-0.0034453806
-0.019862082
0.0079413215
0.020654729
-0.011632294
0.014758827
0.010596925
-0.012071323
0.005269515
0.0063892803
-0.0025036903
-0.00832448
-0.0015701024
-0.011903881
0.0022084734
0.0016938269
-0.012480643
0.013891912
0.015077
0.017070433
-0.012688594
-1.2169897E-4
-0.013511455
-0.013619482
-0.0020675322
0.015300818
0.0017260661
0.006186392
0.014121131
-0.022881262
-0.002010818
-0.001288895
-0.009183124
0.003058003
0.0036221056
-0.0019964706
0.011477681
0.0038901472
-0.0043533123
-0.0052403137
0.010335635
0.0015940708
-0.023254968
0.046426892
-0.042863525
-0.021064218
-0.011135877
0.03325825
0.053977292
0.042353436
-0.024930228
-0.073605426
-0.052181512
0.022395985
-0.030116696
0.0023433382
0.030342879
0.0067952247
0.02976409
0.026136415
0.0011077813
-2.3512714E-4
0.004823904
-8.861575E-5
-0.00867084
0.018350212
-0.0123942215
-0.016871426
-0.02522747
-0.0022508402
-0.013397014
-0.010620556
0.004670641
0.0062731514
0.006697494
0.0080338195
-0.003120625
0.0023951572
0.0050176773
0.0520772
0.0048119198
-0.030150287
-0.13564017
0.1277937
0.1533991
-0.43068218
0.46081203
0.16387568
-0.6824443
0.19644138
0.28321055
-0.35566142
0.10625079
0.34697405
-0.36189845
-0.0042576073
0.30958125
-0.27771315
-0.025408246
0.17423494
-0.011575074
-0.1405093
0.13765015
-2.8019458E-5
-0.09013674
0.03736226
0.05285786
-0.03159582
-0.054180346
0.0464198
0.009421796
-0.0032112661
-0.0026579662
-0.0022714327
-0.0016040296
-0.0012578373
-9.5451827E-4
-7.320505E-4
-5.578573E-4
-4.256932E-4
-3.2239256E-4
-2.4778652E-4
-1.7419325E-4
-1.355399E-4
-1.0330065E-4
-6.0765087E-5
-3.5615092E-5
-3.0382544E-5
-2.7006707E-5
0.0
0.0
0.0
0.0
0.0
0.0
0.0
0.0
0.0
0.0
0.0
0.0
0.0
0.0
0.0
0.0
0.0
0.0
0.0
0.0
0.0
0.0
0.0
0.0
0.0
0.0
0.0
0.0
0.0
0.0
0.0
0.0
0.0
0.0
0.0
0.0
0.0
0.0
0.0
0.0
0.0
0.0
0.0
0.0
0.0
0.0
0.0
0.0
0.0
0.0
0.0
0.0
0.0
0.0
0.0
0.0
0.0
0.0
0.0
0.0
0.0
0.0
0.0
0.0
0.0
0.0
0.0
0.0
0.0
0.0
0.0
0.0
0.0
0.0
0.0
0.0
0.0
0.0
0.0
0.0
0.0
0.0
0.0
0.0
0.0
0.0
0.0
0.0
0.0
0.0
0.0
0.0
0.0
0.0
0.0
0.0
0.0
0.0
0.0
0.0
0.0
0.0
0.0
0.0
0.0
0.0
0.0
0.0
0.0
0.0
0.0
0.0
0.0
0.0
0.0
0.0
0.0
0.0
0.0
0.0
0.0
0.0
0.0
0.0
0.0
0.0
0.0
0.0
0.0
0.0
0.0
0.0
0.0
0.0
0.0
0.0
0.0
0.0
0.0
0.0
0.0
0.0
0.0
0.0
0.0
0.0
0.0
0.0
0.0
0.0
0.0
0.0
0.0
0.0
0.0
0.0
0.0
0.0
0.0
0.0
0.0
0.0
0.0
0.0
0.0
0.0
0.0
0.0
0.0
0.0
0.0
