0.0
0.0
2.2439396E-7
-1.4585607E-6
-0.0067253113
0.012543061
0.037065506
-0.051448375
-0.014640472
0.028226629
-0.03788701
0.009413663
-0.009425219
-0.0010901059
0.058079664
-0.016937144
-0.012490104
0.020612493
-0.013078353
-0.012342453
0.052900538
-0.06199298
-0.024550382
0.04362701
-0.03798193
0.018892176
0.06781915
-0.09799161
0.071927354
0.019912831
-0.08827097
0.11479939
-0.09504879
-0.021392485
0.109749965
-0.113504075
0.043730006
0.06572185
-0.11532626
0.11003281
-0.067471
-0.054598864
0.14313653
-0.10887224
0.02829462
0.04853619
-0.102901906
0.09660822
-0.017528646
-0.06385332
0.06467651
-0.040468328
0.014955409
0.015540179
-0.01976877
0.023266511
-0.010027941
0.010748134
-0.031977262
0.029956818
0.009453605
-0.0707108
0.081853084
-0.05193553
-0.020983864
0.098458685
-0.11895034
0.06430009
0.0064810584
-0.044860616
0.06613574
-0.04503295
0.014872382
0.026130116
-0.012589735
-0.005560931
-0.007310194
-0.0041629565
-0.011699788
0.04560437
-0.068056665
0.0450564
-0.0678463
0.024150625
0.07607886
-0.061033584
0.038523283
0.003536
-0.07528698
0.08290437
-0.022483826
3.600401E-4
0.001560099
-0.0375861
0.013226116
0.0023758833
0.012231491
0.016164891
-0.030555949
0.03281268
-0.014098112
-0.004203572
6.5466936E-4
2.9777078E-4
-3.747379E-4
-4.3981214E-5
-5.1835003E-5
8.9757583E-7
4.936667E-6
-1.3149486E-4
1.5741236E-4
5.722046E-5
-2.0565707E-4
1.9241782E-4
0.014308481
-0.01996938
0.008563435
0.026796902
-0.025072321
0.011048597
-0.025398254
0.01692772
-0.0034364813
-0.014283461
0.022683311
-0.013390934
-0.0031397203
0.006280787
-0.002030541
5.4078944E-5
4.6225156E-5
-3.309811E-5
-4.162508E-5
-1.09728644E-4
1.8770555E-4
-1.3418759E-4
0.0023976495
0.0126407845
-0.010822184
0.020506578
-0.009485581
-0.03261241
0.021449706
-0.0045853783
-0.0077516893
0.020688673
-0.015778597
5.521213E-4
0.0050052195
-0.0023149604
4.529392E-4
-4.7683716E-5
-2.154182E-4
1.335144E-4
-4.1176292E-5
-1.1780683E-5
-6.170834E-6
-1.0737251E-4
0.002393498
-0.008740145
0.022837022
-0.016670115
-0.014797322
-0.010450812
0.032656614
-0.028591268
0.036376055
0.002595677
-0.02186259
-0.0050320346
0.01673934
-0.018295737
0.0123779075
-6.97753E-4
0.036591586
-0.02823089
-0.002046585
-0.015414294
-0.03703656
0.057051715
0.0026710734
-0.023152519
0.031945508
-0.02880893
4.646077E-4
0.0140817305
-0.01543707
0.004496294
0.0017282823
5.174525E-4
2.524432E-5
-4.82447E-5
-6.5635235E-5
2.3359411E-4
-2.15306E-4
1.4361213E-5
1.3418759E-4
-1.5730016E-4
1.2678259E-5
1.1219698E-5
1.4394872E-4
-1.5292448E-4
6.850748E-4
-0.0048971735
-0.005650576
0.014490352
-0.013907826
-0.015656639
0.05512832
-0.041904226
8.6761924E-4
0.04105164
-0.04241102
0.009168289
0.0134674525
-0.019366546
0.011405496
0.0013599396
-0.005265068
0.0020661075
1.8422744E-4
-3.7339155E-4
1.6941744E-5
8.078183E-6
0.0016790278
-0.032874726
0.015836827
0.041686337
-0.041695762
0.06262061
-0.04658138
-0.023629919
0.09362097
-0.081887975
0.01800324
0.029603735
-0.117201075
0.06603824
0.0064884634
-0.014715644
0.10489969
-0.04970483
-0.027113859
0.04881242
-0.07130275
0.031205682
-0.041192222
-0.025523018
0.019265456
-0.0066017825
0.06833974
0.03585681
-0.02779624
0.008990905
-0.03697934
-0.014174293
0.03451953
-0.06868138
-0.017006258
0.0014013402
-0.0020078772
0.11478761
-0.015034844
-0.011761385
0.04025224
-0.089826025
0.0136253135
0.019939872
-0.07134101
0.04371486
0.06436685
-0.061207265
0.022927789
-0.017013326
-0.03800134
0.048495572
-0.03132697
-0.027940301
0.084193625
-0.06744329
0.016964296
0.04924617
-0.05175568
0.046891943
-0.031244839
-0.02571218
0.12862228
-0.08004413
-0.018301347
0.060193904
-0.10018506
0.06457149
-0.046750575
-0.018642763
0.061214
-0.0119409
0.06901056
-0.045808345
-0.05910245
0.06604352
-0.067858525
0.010736129
0.03484614
-0.058663536
0.029371485
0.035057742
-0.066431046
0.0751198
-0.0018909678
-0.03717254
0.0129282335
-0.0023224775
0.02358706
-0.0120798
0.0066560856
-0.014852636
-0.020167856
-0.010319766
0.036321305
0.007447187
-0.022524104
0.0087997215
-0.0073482287
-3.79338E-4
0.0027166253
0.0022401249
8.644777E-4
2.6500926E-4
9.873334E-6
1.45856075E-5
2.6927275E-6
0.0
0.0
0.0
0.0
0.0
0.0
0.0
0.0
0.0
0.0
0.0
0.0
0.0
0.0
0.0
0.0
0.0
0.0
0.0
0.0
0.0
-1.0097729E-6
0.0
0.0
-7.8537886E-7
6.2718114E-5
-7.316365E-4
0.04815584
-0.02111693
-0.003758711
-0.09956315
0.14649022
-0.022138596
-0.093677744
0.14912987
-0.116676666
-0.03823359
0.12454527
-0.10264251
-0.046638153
0.066728815
-0.05280629
0.008905747
0.011942022
-0.022325853
0.001498615
-0.045201246
0.06663917
-0.0011156867
-0.09227057
0.11081146
-0.0446618
-0.033691294
0.1521767
-0.084269464
-0.029284084
0.1094504
-0.07204606
0.052268647
0.046794217
-0.060288373
0.048073713
-0.016092973
-0.009765513
0.093426764
-0.10082267
0.0289494
0.047341853
-0.089881115
0.06897534
-0.017703898
-0.04777011
0.03953597
-0.038564347
-0.030842276
0.037377864
-0.07232161
0.048593186
-0.01506839
-0.062524796
0.05853036
-0.055954542
-0.01836642
0.05130577
-0.060168657
0.0069270413
0.059869766
-0.053356506
0.014575622
0.044373456
-0.045284607
0.02054293
0.038436443
0.01743182
-0.024479024
0.04695926
0.023380503
-0.032092374
-0.014831094
0.081055924
-0.044251498
-0.01797115
0.076838434
-0.107314505
0.025710948
0.08086878
-0.11969477
0.024770625
0.038010318
-0.056573644
0.042810887
-0.013493145
-0.014950472
0.008726008
0.022115258
0.030537324
-0.04753281
0.07240138
-0.011202419
-0.1137527
0.0324035
-0.0015550501
0.0049284766
-1.6728569E-4
0.01055235
-0.005173739
8.054621E-4
-5.172281E-4
-4.980424E-4
6.9225534E-5
-9.28991E-5
-3.1863943E-5
5.048864E-6
-1.0546516E-5
4.263485E-6
8.639167E-6
-5.161061E-6
-5.609849E-6
0.0
0.0
0.0
0.0
0.0
0.0
0.0
0.0
0.0
0.0
0.0
0.0
0.0
0.0
0.0
0.0
0.0
0.0
-2.1317426E-6
-1.447341E-5
-3.8483562E-5
-0.010031869
0.022633834
0.022528144
-0.044039447
-0.06652899
0.048594307
-0.04085339
0.07401915
0.086570516
-0.089627095
9.81948E-4
-0.0508047
-0.015481388
0.11075514
-0.006118662
-0.01793839
0.0051118066
-0.118384756
0.04781476
0.086675756
-0.034765467
0.044464897
-0.15905145
0.01610554
0.17832981
-0.05228312
-0.012920491
-0.12103451
-0.017394233
0.23156391
-0.041191325
-0.0957958
-0.011666915
-0.08641961
0.2194575
0.002392264
-0.16620804
0.065514736
-0.10988134
0.1269281
0.12162792
-0.1865497
0.027082443
-0.07000149
0.01484467
0.195388
-0.12567958
-0.024275612
0.021842733
-0.10231242
0.15421924
-0.03071942
-0.056798037
0.08738899
-0.1348767
0.09995427
0.0683486
-0.1040002
0.061546773
-0.10265137
0.053398468
0.110998265
-0.10751848
0.009420395
-0.040261548
-0.020582872
0.14866368
-0.058305964
-0.056651846
-0.04202854
0.04749713
0.06177476
-0.080758266
0.0023864298
-0.005615122
0.10475989
0.034545787
-0.135757
0.017411849
-0.05347476
0.05312224
0.12012571
-0.07376121
-0.01916661
-0.09550543
0.019631442
0.124867946
0.053537816
0.0053379955
-0.059694067
-0.03210079
-0.005966523
-0.0047314586
-0.013153525
0.0051749735
-0.004980873
3.5499124E-4
8.916294E-4
0.0023930494
-0.0016641056
1.6829546E-4
-1.3239243E-5
-2.0195455E-5
-1.2341668E-5
-4.712273E-6
8.52697E-6
-9.312349E-6
6.170834E-6
1.5034395E-5
-6.462546E-5
-0.0021568746
-0.010192535
0.029620003
-0.033197068
0.06969149
-0.10739663
0.004890891
-0.011751287
0.06867611
0.008062138
-0.0062669865
-0.012421552
-0.0013492808
0.006951164
-0.002331341
-0.002716962
0.0017878589
2.8026805E-4
5.609849E-6
-8.8635614E-5
2.4795532E-5
2.4571138E-5
-0.0121974945
0.01938831
-0.08070822
0.040335376
0.042070724
0.031626534
-0.092110805
-0.030246397
0.08505058
0.058196124
0.0077062496
-0.1125044
-0.03133269
0.040163603
0.07854854
0.026539072
-0.076839894
-0.03695174
0.028959947
-0.00903455
0.02507737
0.026530547
-0.036378525
0.03161419
-0.053248573
-0.03771333
0.12662159
-0.095196664
0.046126533
-0.023704305
-0.031160804
0.09961756
-0.0635606
-0.0024483625
0.026063133
-0.054721832
0.06379352
-0.019208571
-0.012832417
0.011203205
-0.028554916
0.011855743
0.014769386
0.027711645
-0.017249163
-0.0063757054
0.0054638805
-0.067998104
0.080952026
0.0100791035
-0.035425633
0.02942478
-0.065368876
0.04618813
-0.0061836243
0.0037600573
-0.003605562
-0.0030341428
0.0015741236
-0.0018243229
0.0013286367
-0.0033199086
0.0015323863
-4.017774E-4
3.1448813E-4
-1.298119E-4
3.5005458E-5
-1.9858866E-5
-1.5819774E-5
1.8288107E-5
-2.266379E-5
1.11075005E-5
-1.4024622E-5
-1.705394E-5
1.6268561E-5
-3.3659094E-6
1.9634472E-5
-2.9620001E-5
1.1331895E-5
6.731819E-7
-4.82447E-6
-8.9757583E-7
0.0
0.0
0.0
0.0
0.0
0.0
0.0
0.0
0.0
0.0
0.0
0.0
0.0
0.0
0.0
0.0
