80
80
80
80
6
6
6
6
5
5
5
5
5
5
5
5
5
5
5
5
5
5
5
5
5
5
5
6
6
6
6
6
6
6
6
6
6
6
6
6
6
6
6
6
6
6
6
6
6
6
6
6
6
6
6
6
6
6
6
6
6
6
6
6
6
6
6
6
5
5
5
5
5
5
5
5
5
5
5
5
5
5
5
5
5
5
5
5
5
5
7
7
7
7
40
40
40
40
5
5
5
5
3
3
3
5
5
5
5
5
5
5
5
7
7
7
7
8
8
8
5
5
5
5
5
5
5
5
5
5
5
5
5
5
5
8
8
8
8
5
5
5
5
5
5
5
5
5
5
5
5
5
5
5
7
7
7
7
36
36
36
36
5
5
5
5
5
5
5
37
37
37
37
36
36
36
36
5
5
5
5
5
5
5
5
5
5
5
3
3
3
3
5
5
5
5
5
5
5
43
43
43
43
50
50
50
50
5
5
5
5
5
5
5
5
5
5
5
5
5
5
5
5
5
5
5
5
5
5
6
6
6
6
5
5
5
5
5
5
5
5
5
5
5
6
6
6
6
7
7
7
7
7
7
7
6
6
6
6
5
5
5
5
5
5
5
5
6
6
6
5
5
5
5
5
5
5
5
5
5
5
5
5
5
5
5
5
5
5
5
5
5
5
5
5
5
5
5
5
5
5
5
5
5
5
5
5
5
40
40
40
40
6
6
6
4
4
4
4
5
5
5
5
4
4
4
4
4
4
4
0
0
0
0
0
0
0
0
0
0
0
0
0
0
0
0
0
0
0
0
0
0
0
0
0
0
0
4
4
4
5
5
5
5
4
4
4
4
4
4
4
4
4
4
4
4
4
4
4
4
4
4
4
4
4
4
4
4
4
4
4
4
4
4
4
4
4
4
4
4
4
4
4
4
4
4
4
4
4
4
4
4
4
4
4
4
4
4
4
4
4
4
4
4
4
4
4
4
4
4
4
4
5
5
5
6
6
6
6
6
6
6
6
5
5
5
5
5
5
5
4
4
4
4
5
5
5
5
5
5
5
5
3
3
3
0
0
0
0
0
0
0
0
0
0
0
0
0
0
0
0
0
0
0
6
6
6
6
11
11
11
11
4
4
4
6
6
6
6
3
3
3
3
6
6
6
6
6
6
6
6
6
6
6
6
6
6
6
6
6
6
6
6
6
6
6
6
6
6
6
6
6
6
6
6
6
6
6
6
6
6
6
6
6
6
6
6
6
6
6
6
6
6
6
6
6
6
6
6
6
6
6
6
6
6
6
6
6
6
6
6
6
6
6
4
4
4
4
6
6
6
6
9
9
9
9
9
9
9
6
6
6
6
9
9
9
9
34
34
34
6
6
6
6
3
3
3
3
3
3
3
3
4
4
4
5
5
5
5
6
6
6
6
4
4
4
4
3
3
3
3
3
3
3
5
5
5
5
6
6
6
6
3
3
3
6
6
6
6
6
6
6
6
6
6
6
6
6
6
6
5
5
5
5
5
5
5
5
6
6
6
6
6
6
6
6
6
6
6
9
9
9
9
9
9
9
9
9
9
9
9
9
9
9
9
9
9
9
9
9
9
9
0
0
0
0
0
0
0
0
0
0
0
0
0
0
0
0
0
0
