0.007720944
-0.008171124
-0.0023863972
0.009674129
-0.009936978
8.931518E-4
8.2886923E-4
-0.001401509
2.6189987E-4
0.0023270033
-0.0015523207
0.0028750056
-7.323556E-4
0.002616185
-0.002099837
0.0014545519
-0.0028741453
0.003726268
5.9695103E-5
-0.003367475
0.0040716706
-5.564863E-4
-0.0017517852
7.095904E-4
-0.0011080689
-0.0034705345
0.0036583468
-0.0019152458
0.0011099059
-0.0015311395
-8.8745105E-4
-8.247828E-4
0.0038125846
-0.0032255396
-0.002686672
-0.0069623007
0.009251201
4.642843E-4
-0.011612826
0.011214365
-5.8612635E-4
-2.3840594E-5
0.0019669551
-0.0015321971
0.003359216
-0.0052833003
0.014088459
1.541491E-4
-0.0033986913
-7.699054E-4
-0.037920345
0.005956548
2.2287741E-4
0.00572069
0.015333692
0.004475258
-2.682788E-4
-0.010109032
-0.009148019
0.02100669
-0.022057682
0.0047382433
-0.0019884172
0.0068773683
-2.7633025E-4
-0.020355325
-0.010556501
-0.0017964729
-7.9049455E-4
4.6028133E-4
0.0067234444
3.2767278E-4
-0.0059405006
0.0072680484
0.01205099
-4.144726E-4
0.0035822198
-0.024381619
0.012814076
-0.0074250796
-0.02639716
0.02997598
-0.0011132687
-0.026705908
0.008348413
-2.541369E-4
-0.006095019
0.012634297
0.0022104345
0.0088398075
0.0013837538
3.657135E-4
-0.0021415493
-0.0020981317
0.0029209636
-0.006217362
0.0048080366
-0.0014261442
2.644808E-4
9.5116935E-4
-1.6954604E-4
6.4425013E-4
4.994986E-4
0.0016110416
2.6855458E-4
2.77102E-4
9.06856E-4
-1.7411578E-4
6.413782E-4
3.2303977E-4
4.412053E-4
-4.0016367E-4
7.6707144E-4
-2.6950092E-4
-1.6254719E-4
1.2366391E-4
2.4091853E-4
8.416321E-5
6.0832984E-4
-7.224798E-4
1.1497229E-4
4.7304676E-4
2.1311548E-4
-1.9015289E-4
-6.921413E-5
-1.8615753E-4
1.9194941E-4
1.1066569E-4
-1.7211684E-4
5.906961E-4
4.1340984E-4
-5.0212006E-4
5.057181E-4
-8.382542E-4
2.1480572E-4
4.3318677E-4
4.510052E-4
-2.3589839E-4
-7.4821306E-5
-0.0019207897
0.0017686547
-4.0960425E-4
0.0014900143
-0.0010537355
-0.0011903571
-0.0011439486
0.001293404
0.0014290793
-0.0019616112
8.260125E-4
-0.0012744166
-0.0020792251
0.0015093915
0.0013264297
-0.0021890027
8.94298E-4
-2.535625E-4
-4.8215083E-5
0.0019545036
-1.627648E-4
2.3208774E-4
5.3934345E-4
-6.55715E-4
-1.3886855E-4
0.0016324733
-3.7565507E-4
5.829407E-4
0.003002771
-9.087562E-4
-0.0012317378
0.0025461004
-8.13113E-4
1.8767825E-4
-7.913802E-4
3.153046E-4
-0.0011968979
-1.8732401E-4
-0.0017814758
0.0023553048
0.0016156923
5.875509E-4
-2.286288E-4
0.0021785146
-0.002689048
0.0027972667
-7.3726947E-4
0.0038296818
-0.002565895
1.8508216E-4
0.0020847286
1.8828553E-4
0.0024968048
0.0040860227
-0.0011596492
-0.0014333227
8.863605E-4
-0.0012820809
5.81668E-4
-0.0011157534
-3.7666214E-5
-0.0012137928
8.9628686E-4
0.0013222496
0.0017823791
-0.0028313752
-0.001270115
-0.0016816728
-9.370932E-4
6.700416E-4
-0.0025035685
-0.004553065
0.0018241773
-0.00642381
0.0033836158
4.907615E-4
6.0861075E-4
5.2788365E-4
-8.476442E-4
-0.0011882671
-2.3474963E-4
-9.5891206E-5
-0.0021907738
-0.001649811
-0.0024240003
-0.0046864
-0.0036165968
9.474751E-4
0.0013028067
0.00500425
6.5967746E-5
0.0023387466
0.0018876856
0.0020574038
0.0021265596
0.0032835875
-1.7939907E-4
0.0018370389
-0.018703643
0.00441116
0.013118999
-0.0056258235
0.029264312
0.0034653398
-0.0059515173
-0.0029684398
-0.017747167
0.007781646
0.027667196
0.0039113453
8.562725E-4
-0.0048158886
-0.001341318
-0.015760545
0.02484776
0.00326876
3.9596081E-4
-0.006877867
0.006141779
9.559111E-4
0.01381864
-3.340264E-5
-0.015347199
-0.00292003
0.0033933776
0.007062954
0.0035010248
0.0069280253
-0.0143440645
-7.3069066E-4
-5.020315E-4
0.015036144
0.002768406
0.0026113698
0.022682525
-0.007005045
-0.0010908805
-0.0049092975
-0.017482035
0.01631775
0.00496753
0.0017349332
0.0012776554
-0.001451751
9.645749E-4
0.0039037643
0.007779571
-0.006884175
-0.017242119
0.009337593
-0.008677726
0.031099197
0.0075096884
0.0055687698
-0.020546703
-0.0084192185
0.006233556
-0.0010333892
-0.0018061438
0.011976204
0.017523868
-0.02252325
-6.7541853E-4
-0.0056345733
0.004388238
-0.0011538144
-0.0021967278
0.012173874
-0.010326327
0.015732145
0.004402094
-0.0049299877
0.02393066
-0.0046855775
-0.013117352
-0.0064570103
0.008670792
0.0021763132
0.0010930945
0.008974627
-0.0022198244
-0.018951073
6.190862E-4
0.004833193
0.011945835
-4.1506722E-4
0.0023472358
0.014922162
0.0033024738
-0.00614642
0.0016259401
-0.0039310893
8.021087E-6
0.0012225807
6.763294E-4
5.27203E-4
0.001219114
8.1287767E-4
7.9205324E-4
7.1941304E-4
3.489426E-4
7.9704553E-4
4.7620205E-4
3.3265498E-4
-6.540349E-5
-1.3948341E-4
-6.696469E-5
2.9543915E-4
1.2984799E-4
2.0759687E-4
3.9330148E-4
-3.787041E-4
8.4043783E-4
-2.0480846E-4
6.218999E-5
-1.2939253E-4
6.9037014E-5
3.8675807E-5
3.741369E-4
-2.8261048E-4
-3.0578813E-5
4.761489E-4
-3.3120005E-4
1.820888E-4
3.0824504E-4
3.3908702E-5
-1.0105557E-4
2.7291937E-5
2.7630746E-4
8.9947505E-5
-2.668441E-4
4.6936263E-4
1.5887825E-5
-1.8929006E-4
1.3113086E-4
-4.2209387E-4
2.8516861E-4
1.4986275E-4
2.3122744E-4
-1.0462078E-4
-1.2427117E-4
-4.1722556E-4
1.3591567E-4
-3.5297842E-6
-5.9475726E-4
1.1225979E-4
6.218847E-4
-2.6441753E-6
-2.9717747E-4
-4.2251137E-5
1.4583956E-4
1.1079474E-4
5.900509E-4
-6.3631E-4
1.493415E-4
1.7754942E-4
2.4932422E-4
-4.116766E-4
1.9939865E-4
-2.8302037E-4
9.452484E-5
1.02695216E-4
7.737439E-5
-3.4135164E-4
1.21224686E-4
-5.264819E-5
-4.2929262E-4
5.977936E-4
-6.7010487E-4
-2.2862374E-4
2.0434035E-4
1.9659253E-4
-5.0605217E-4
8.4466854E-4
-2.266248E-4
-5.210493E-4
6.240684E-4
-3.4966625E-4
4.1562642E-4
-4.7011918E-4
7.0402876E-4
-6.498953E-4
1.1929659E-4
8.392992E-4
4.7324412E-4
0.0011511625
-0.00134377
-0.0015747595
8.0383185E-4
-1.4708194E-4
2.5407868E-4
0.0013276367
-0.0013704116
1.1192832E-4
4.5734365E-4
0.0012910003
-0.0019385474
-7.900897E-4
4.7074418E-4
9.363341E-4
-9.790027E-5
-0.0026514246
0.003959226
-3.7194818E-4
-0.0018987431
2.2781911E-4
4.167119E-4
-2.3782396E-4
-4.8098687E-4
0.0015468248
0.001055413
-5.324256E-4
-5.2662863E-4
-4.6022568E-4
0.0017741531
-0.0014819881
6.89606E-4
-2.3114141E-4
-7.03715E-4
5.749702E-4
3.9971076E-4
3.0467478E-5
0.0011267982
-3.5811748E-4
0.0016315422
0.0015432065
-5.8942335E-4
0.0010361675
-0.0018728807
0.0031098083
-0.0020512906
8.8622636E-4
-2.937818E-4
4.4897338E-4
0.0031034749
0.0022697551
-0.0036412824
7.9578796E-4
-0.0014429631
6.845074E-4
0.0011657145
-9.566601E-4
-0.00237765
0.0060298936
-3.2996273E-4
-0.0022395228
0.0025132874
4.8497212E-4
-9.2749065E-4
0.0017504415
-7.5304596E-4
-0.0014680258
-0.0013559433
-0.0019350556
1.9367256E-4
-3.5147037E-4
0.0021556204
7.374086E-5
-0.0016992685
-0.0026062028
-0.0036222646
6.442982E-4
0.002683924
-0.0015463593
-0.0012381142
0.0021833095
-0.0017535184
-9.5404376E-4
4.6038255E-4
9.177515E-4
4.4381153E-4
0.0011388678
8.382922E-6
-3.3953742E-4
2.9944463E-4
0.0047069583
-0.014638562
-0.028107796
0.004334937
0.005077371
-0.01647686
0.008279336
-0.027399462
0.004806817
0.0036397642
-0.0037941386
-0.004895287
0.013358295
-0.010293379
-0.006734866
0.00417993
0.02112215
-0.027781308
0.019666182
-0.018675387
7.239904E-4
-0.0016972317
0.01594705
-0.006784334
-0.012113777
5.908631E-4
0.0020383985
-0.0072829244
-0.00479809
-0.0040839147
0.0195949
-0.0064602667
0.014695539
-0.02845621
-0.0062367315
-0.0422955
-4.4829525E-5
0.002260823
0.018786734
-0.011286238
-4.399351E-4
0.02767071
0.017418083
0.014248345
0.015825534
0.011913761
0.019500943
9.776971E-4
0.010567349
0.006599348
0.009680969
0.015750738
0.011172886
0.0037636054
-0.018142818
-0.00528434
0.023315318
0.0039843065
0.01486794
-0.00938459
-0.030888
0.022430575
0.0074054394
0.01016106
0.025952151
-0.00935157
0.02658131
-0.004103274
0.004151932
-0.009712817
0.0077837235
0.0021428473
-0.009157076
-0.008674472
0.025009828
0.006858133
-4.878162E-4
-0.009413474
-0.013754048
0.009595231
0.0049430314
0.0035254827
0.02728399
0.0012858257
-0.024816621
-0.00458292
9.2749065E-4
-1.42658955E-5
5.381542E-4
0.004350387
0.012152966
-0.0028625943
-0.00795689
0.012424917
0.0015735829
-0.0016088984
-0.002380537
-0.0032488464
-0.015196723
0.0046276203
0.0032723453
0.018674094
0.0074934284
-0.008676442
-0.0012466641
-0.025107471
0.0070104045
0.03246537
-0.012895714
2.1188827E-5
-0.0043464573
-0.0031736935
-0.0357454
0.010661687
-0.0067976103
7.195598E-4
0.0025998822
0.027405992
0.0017122363
-0.004270161
6.809118E-4
-0.0038496586
-0.0017392525
-0.003052522
-0.01825961
-0.0012434177
0.03224529
-0.017876837
-0.0060028243
-3.788281E-4
-0.0047853854
-0.0072075133
9.388366E-4
0.015563887
0.005530924
0.0028427744
0.0022613492
-0.0045708604
-4.6148323E-4
-4.585936E-5
0.0076555456
-0.0044921753
4.9148766E-5
-5.981226E-4
0.0071493466
-0.008872886
9.309016E-6
0.005279674
-0.0070514334
1.7622353E-4
0.012977575
-0.014008755
0.001279495
7.4823835E-4
-0.003907929
0.0060076094
4.874164E-4
-0.00370848
0.0035667773
0.0018060983
-0.008861481
-0.001199904
0.002028644
-0.0066683497
-0.0018802136
6.025557E-4
0.0024880678
-3.821529E-5
-0.0045286855
0.0030976096
-3.53735E-4
8.5956196E-4
8.1395305E-4
-0.0014960213
0.007854671
0.018311907
-0.015764019
0.0034247232
-0.0051401504
7.5409096E-4
-0.0045729075
0.004609235
-9.8461E-4
3.3371517E-4
0.0017201942
-0.0012732071
0.0016959639
0.0018269834
0.0017134004
-0.005170494
-0.0048549185
0.0032857459
-0.0016457777
-0.0018018094
0.0021079213
-6.33843E-6
0.0013911525
5.475062E-4
5.04496E-4
6.887634E-4
3.302866E-4
2.93883E-4
1.9817398E-4
0.0
0.0
0.0
