0
1
6
6
1
32
21
1
8
16
0
4
18
18
3
12
39
1
15
10
1
10
38
1
10
15
1
7
33
11
4
12
0
3
16
8
1
12
24
1
1
15
8
8
116
4
4
1
1
1
1
1
1
1
1
1
1
1
1
1
2
1
1
2
1
1
1
1
1
1
1
1
1
1
2
1
1
1
1
2
1
1
1
1
1
1
1
1
1
1
9
9
10
6
2
1
1
1
1
14
14
15
16
16
21
12
12
14
15
18
7
16
18
16
18
5
8
14
15
16
16
15
20
20
15
17
16
16
18
7
12
15
14
18
16
18
18
22
18
22
7
14
15
16
16
10
20
7
15
8
10
10
6
13
13
8
12
18
8
9
18
11
13
11
14
8
15
8
10
16
16
15
16
13
10
12
5
12
15
8
18
8
5
9
11
13
9
13
15
5
17
21
10
14
8
11
16
10
9
13
14
16
11
13
11
16
9
11
11
10
4
14
7
16
8
5
15
5
15
7
5
14
14
7
17
19
8
20
20
8
5
21
20
20
20
10
20
34
1
1
1
1
1
1
1
2
1
1
1
1
1
1
1
1
37
37
3
1
20
2
1
1
1
1
2
1
1
2
1
1
1
1
1
1
1
1
1
1
2
2
2
20
10
10
24
1
1
1
1
1
1
1
1
1
3
1
1
2
1
1
1
24
2
1
16
60
1
1
2
1
1
1
1
2
1
1
1
1
1
1
1
1
1
1
3
3
2
6
2
2
1
1
1
14
7
10
7
8
8
10
15
5
7
38
7
8
16
5
14
5
20
15
8
23
16
5
19
14
21
10
8
5
18
7
8
20
8
5
15
15
8
7
8
13
14
14
15
16
16
7
8
14
15
16
16
8
12
16
13
16
18
18
16
18
18
16
5
22
14
15
32
16
16
20
16
15
16
15
20
18
12
14
15
15
18
10
16
18
7
8
22
14
8
13
8
10
10
3
15
15
16
10
20
13
7
13
12
9
12
8
9
18
13
13
13
7
7
8
13
10
14
14
15
8
12
16
10
6
12
7
18
15
9
8
9
11
12
7
7
8
15
16
10
7
14
15
10
9
10
27
7
15
8
10
9
10
13
10
11
7
12
7
13
15
16
16
10
21
5
17
8
4
10
5
5
20
16
9
22
27
37
8
20
20
20
1
1
1
1
1
2
1
1
1
1
1
1
1
1
1
1
1
1
1
1
1
1
1
1
3
1
1
1
1
1
1
1
1
1
1
1
1
1
1
1
1
9
14
8
21
4
1
21
9
21
24
1
1
1
1
1
1
1
1
1
1
1
1
1
1
2
1
24
1
20
18
260
1
1
1
1
1
1
1
1
1
3
1
1
1
1
1
1
1
1
2
2
2
1
1
1
1
1
1
1
3
1
1
2
1
1
1
0
1
1
1
1
1
1
1
1
1
1
1
1
1
1
1
1
1
1
1
1
1
1
3
1
1
2
1
1
1
7
8
5
10
9
5
20
1
2
16
1
1
3
1
1
9
8
162
8
9
114
7
15
10
8
2
1
2
2
62
2
12
16
8
2
2
17
13
1
4
1
7
9
1
8
8
5
20
20
20
2
2
1
1
1
1
1
1
1
20
20
20
24
20
24
0
0
0
