5.598871E-7
-0.004333414
0.0026117987
0.003056013
-0.00730843
0.006556838
0.008048862
-0.016376399
0.00750831
0.0014255472
-1.4635449E-4
-0.0031458188
0.0043577133
-0.0023515632
8.656228E-4
-0.001451302
9.2545606E-4
-0.0017975362
0.0034075475
-0.002449282
-6.744773E-4
0.00138852
-0.0013170784
-0.006642911
0.016053343
-0.003818094
-0.012665953
0.010668462
-0.0017322906
0.0018524051
-0.006263494
0.0046394486
-0.0028923766
0.0010270942
0.0025874623
-0.002750352
0.0017276249
-0.0011206326
1.689366E-4
8.537532E-4
-9.0276194E-4
-0.004068326
0.011307816
4.0812037E-4
-0.012668639
-0.0016568925
0.011933135
-0.0014642914
-0.007496627
0.0059409994
-0.0038518738
0.0042215115
-0.0015068802
-5.148348E-4
-0.0022717605
0.0042547313
-0.003304267
8.5491023E-4
3.5877564E-4
5.2308384E-4
-8.7021384E-4
-0.0044138883
0.0039019277
0.008150277
3.4373335E-4
-0.017493298
0.008871075
0.006042376
-0.007470536
0.003591937
-0.0018687164
-0.0012279444
0.0026456532
3.5086257E-5
-0.0034548766
0.0023112139
0.0013268205
1.2903531E-4
-0.003089009
0.0018110481
0.0020351522
-0.0021641501
-0.008396739
0.021004723
-0.007012735
-0.016648503
0.011377279
0.0053096334
-0.008119445
0.002508966
8.3613535E-4
-0.0019822242
0.0014004642
0.003350439
-0.0045699477
3.8490372E-4
0.0015727602
-8.853681E-5
-0.0012261154
6.287159E-4
-2.673274E-4
6.137482E-4
0.0033498418
-1.9711758E-4
-0.012940073
0.008484641
0.008455639
-0.010139443
7.220304E-4
0.0032274504
-0.0019646066
0.00236668
-7.651417E-4
-7.339746E-4
-6.050513E-4
-8.1060454E-4
0.0011729262
1.1421696E-5
6.674974E-4
-0.0014639181
-0.004874265
0.0037343348
0.011650728
-0.016272185
0.0016209851
0.009808512
-0.0067733275
0.0036634533
-0.001763719
-0.002574137
0.0037071244
-6.818305E-4
1.3608989E-4
-0.0034044867
0.0012897932
0.003773639
-0.0020688202
-0.0014566396
0.002095844
-4.4022055E-4
-3.0136856E-4
-0.0018599449
0.0033345383
-0.004555764
0.010690745
-0.008720502
-0.0040592933
0.007982012
-0.002885882
7.5136847E-4
-0.0020793087
-5.7963247E-4
0.003906668
-0.002132162
-0.0013888559
0.0011991288
0.0028851728
-0.0029466485
-0.0014405894
0.0022840782
0.0015814943
0.0023720176
-0.0084631415
0.003704325
6.337922E-4
0.0026273634
-0.0023071081
-0.001959381
0.0045230663
-0.0030295118
1.228019E-5
0.0011416845
-0.0020013351
0.0033782467
-0.0020278736
-0.0024184135
0.0029073444
-7.398721E-4
-0.0010368736
6.392791E-4
-0.0031534333
0.007112395
2.7244104E-4
-0.005450202
-2.6919373E-4
0.009090252
-0.0069994843
-0.0034091524
0.007885823
-0.0050817593
-1.8192598E-4
0.001955611
-0.0010647186
-0.0030609027
0.0022432064
0.0010104469
-0.0027727475
9.6584257E-4
0.0011400795
-2.1798271E-4
-0.0012922568
-0.0028435173
0.005542285
-0.0090747615
0.009188904
-0.0026058266
-6.1188196E-4
0.004986541
-0.0037786406
0.001148739
-9.907762E-4
3.7874497E-4
0.0014337215
-0.0048086834
0.0030972953
0.0011058144
-0.0031215944
0.0019029069
6.9635024E-4
-8.499086E-4
-0.004303815
0.010351753
-0.004770275
-0.0033459226
-0.0054179155
0.015232288
-0.008102051
-0.0029162653
0.00427694
-8.6155423E-4
0.0015525669
-0.0028931606
9.402371E-5
0.0021795658
-0.001987599
-7.2938355E-4
0.0018407594
-4.564946E-5
-0.0011324276
0.0010597169
-8.234073E-5
-0.002141904
-0.007086379
0.016949164
-0.003394446
-0.0069931764
-0.0053858897
0.014906284
-0.009510205
0.003907004
-0.0032286448
8.0224354E-4
0.0011878564
-1.1328382E-4
4.7721044E-4
-6.269616E-4
0.0025719346
-0.003934588
0.0011484404
0.0015650337
-0.0010369855
-0.0013488426
-7.8216224E-4
0.0092181675
-0.015918933
0.014913638
-0.0078775
0.0038841607
-0.0051940726
0.0030829622
0.002674394
-0.003838138
9.759205E-4
0.0037471002
-0.003660915
-0.001495645
6.620478E-4
0.0021150294
-8.72864E-4
-0.0014856044
0.0051198313
-0.0075363787
0.0031094262
0.015651308
-0.015988136
-0.0059116986
0.009903619
-0.002697648
0.0022334643
-0.006162341
0.0051225564
-0.0018852145
-6.738428E-4
5.9124075E-5
9.5147215E-4
4.4761106E-4
1.8509867E-4
-0.0025141544
0.0031149131
-0.0017987306
-0.0018077635
-6.819425E-5
0.0037711381
0.0026507294
-0.014205493
0.018100217
-0.009225633
-2.7576304E-4
0.0022088292
-8.9783495E-4
0.00299827
-0.004144956
0.002586641
-0.0019384784
0.0023565274
-0.0031818384
0.0015408467
0.0015741786
-0.001418194
-7.1408E-4
-7.599907E-4
0.0022044247
0.011789953
-0.014383985
0.005974779
-0.011442413
0.012491791
-0.00673798
-0.0014997883
0.005769562
-0.0013928125
-0.0013893784
-0.0018214993
0.0014904941
7.9048594E-4
-0.0013497384
0.0025802955
-0.0035486016
0.002885434
-4.5865952E-4
0.0039387685
0.012249807
-0.017612591
-0.0032976603
-0.0034004557
0.0069036693
0.009449998
-0.011293445
0.0039049513
-0.001846321
0.0020747923
5.1845545E-5
-0.0025940316
0.0010790144
-3.6728595E-4
9.50315E-5
7.941065E-4
-0.0013890426
0.0021547815
-0.0014177834
6.396523E-4
-0.003634563
0.0023719803
0.013492271
-0.01335816
-0.0017902576
-0.0023835886
0.005489432
0.00431016
-0.008645104
0.005062686
-4.3458436E-4
-0.0018288898
-0.0022404068
7.670453E-4
0.0055082063
-0.0024794787
-0.0013971049
-2.5120267E-5
0.0053923847
-0.0072207516
-0.0046286983
0.015301117
-0.0038204829
-0.013926632
0.011774314
6.752985E-4
-0.0043481207
0.0038113007
-0.0022247673
-0.002461077
0.005451994
4.567559E-4
-0.0050557433
0.0014768329
5.465618E-4
-0.0019659502
0.0035279605
-0.0025273303
4.1282343E-4
-0.0027365787
0.0049887435
-0.0019688616
-0.013270332
0.0075604166
0.017131947
-0.012537552
-0.0048310417
0.008763428
-0.0034595798
0.0011713211
5.33759E-5
-0.0014747799
9.99921E-4
-8.5688854E-4
7.797361E-4
-6.733576E-5
7.20612E-4
-0.0010063411
1.09513916E-4
5.1207276E-4
0.005122631
-0.010915895
0.006645076
0.0016767125
-0.002496835
-0.0062868977
0.0053658085
0.006019831
-0.0066061076
-0.0024801504
0.004333377
-0.0010717359
-0.0025529359
0.005036707
-5.9713825E-4
-0.0020737099
-9.477022E-5
2.7550178E-4
4.16556E-4
0.003114316
0.0031365247
-0.011083636
0.006765041
0.009249521
-0.021427961
0.00612677
0.012522547
-0.010124998
-5.186794E-4
0.0016012398
0.0014041968
-1.8801009E-4
-3.5056396E-4
4.401459E-4
-7.3819247E-4
-6.9063937E-4
0.0015366288
-9.420287E-4
-7.7081524E-4
9.837216E-4
0.0059434627
-0.013896211
0.0092558665
0.010518189
-0.017102908
0.0011009993
0.0059738834
-8.0340065E-4
-6.819798E-4
-0.002841315
0.0027789809
0.0015542465
-6.471175E-4
-0.0029345923
0.0012281684
0.001826949
-0.0020655354
1.5016172E-4
5.13939E-4
-0.005023643
0.008896121
0.004927193
-0.010957961
-0.0072075757
0.012170602
-0.0038594883
-0.006328628
0.0076360763
-1.547528E-4
-0.0047615785
0.0037532218
0.0029110024
-0.0011209312
-0.0021010695
0.0017331492
-0.0014213667
-8.6745174E-5
0.002467833
-0.0014951598
-0.0014296157
0.005904532
-0.0049565313
-0.008736852
0.0038295903
-0.0028795367
0.0068965023
-0.002121039
-4.5238878E-4
0.0030087212
-0.0011739712
0.0010178747
0.0012484363
2.7673354E-4
5.544748E-4
-0.0018590118
0.0016032554
-2.528077E-4
-0.0017410995
0.001723855
-4.966945E-4
-0.004616978
0.010756252
-0.0062120967
-0.007534774
0.005076832
0.003939776
-0.00874036
0.0042628683
0.0044449065
-0.006434036
0.0032495847
0.004015174
-0.0052771596
5.7534E-4
0.003271271
-0.0027665142
-4.982622E-4
0.0028961094
-0.0017708109
-0.0019759908
0.004685919
0.0028276911
-0.012216101
0.010235184
-0.0010042508
-0.0013486187
0.0020262687
-0.002336073
0.0012142458
-0.0024013184
0.0024899298
-0.0019461302
0.0022921776
-9.953299E-4
-8.383376E-5
1.0537075E-4
2.1253314E-4
-4.3932474E-4
-3.27198E-4
0.0010308268
0.0034401328
-0.0035795076
-0.009443727
0.007015833
0.0080261305
-0.008043002
0.0047510527
-0.00958034
0.007753018
-0.0013692972
7.7200966E-4
-0.0021191726
0.001760509
-7.878731E-4
0.0019118651
-0.0016069133
0.00141155
-0.0013214456
0.0011325396
-0.0011811005
3.8408255E-4
-0.005498763
0.005395259
0.0020984942
0.0034032923
-0.014129274
0.014370996
-0.005209824
-5.2383036E-4
0.0018494563
-0.004804652
0.004144172
-0.0030867322
1.6274051E-4
0.004040033
-0.0018789438
-6.7249907E-4
-6.620105E-4
9.993238E-4
-6.894076E-5
0.004007112
6.09941E-4
-0.005853993
-0.00437242
0.0031268948
0.0070957476
-0.0046977513
0.0010894283
-0.006421793
0.009305697
-0.0014697036
-0.0036157134
0.0012105505
0.0030880012
-0.003941941
6.06619E-4
9.824152E-5
0.0028131714
-0.0035780517
0.0054297852
-0.007475202
4.075978E-4
0.015114936
-0.015481326
0.002176505
-0.0028978635
0.009637934
-0.008375538
0.0040009157
-0.0022538442
-1.6748089E-4
0.0035078793
-0.004881357
9.094806E-4
0.0018932022
0.0018156018
-0.0041069956
0.0013580248
0.0011418337
-6.702595E-4
-1.1171614E-4
0.0
0.0
0.0
0.0
0.0
0.0
0.0
0.0
0.0
0.0
0.0
0.0
0.0
0.0
0.0
0.0
0.0
0.0
0.0
0.0
0.0
0.0
0.0
0.0
0.0
0.0
0.0
0.0
0.0
0.0
0.0
0.0
0.0
0.0
0.0
0.0
0.0
0.0
0.0
0.0
0.0
0.0
0.0
0.0
0.0
0.0
0.0
0.0
0.0
0.0
0.0
0.0
0.0
0.0
0.0
0.0
0.0
0.0
0.0
0.0
0.0
0.0
0.0
0.0
0.0
0.0
0.0
0.0
0.0
0.0
0.0
0.0
0.0
0.0
0.0
0.0
0.0
0.0
