0
0
0
0
2
2
2
2
1
1
1
1
3
3
3
8
8
8
8
1
1
1
1
0
0
0
0
8
8
8
7
7
7
7
92
92
92
92
93
93
93
93
7
7
7
7
7
7
7
7
7
7
7
7
7
7
7
7
7
7
7
7
7
7
8
8
8
8
8
8
8
8
8
8
8
8
8
8
8
8
8
8
8
17
17
17
17
17
17
17
9
9
9
9
17
17
17
17
17
17
17
17
9
9
9
10
10
10
10
10
10
10
10
10
10
10
10
10
10
10
10
10
10
10
10
10
10
10
10
10
10
10
10
10
10
11
11
11
11
10
10
10
10
10
10
10
10
10
10
10
10
10
10
10
10
10
10
10
10
10
10
10
10
10
10
20
20
20
20
10
10
10
10
10
10
10
10
10
10
10
10
10
10
10
10
10
10
10
10
10
10
10
19
19
19
10
10
10
10
10
10
10
10
9
9
9
9
9
9
9
18
18
18
18
9
9
9
9
9
9
9
9
9
9
9
9
9
9
9
18
18
18
18
9
9
9
9
9
9
9
9
9
9
9
9
9
9
9
18
18
18
18
9
9
9
9
9
9
9
9
9
9
9
9
9
9
9
19
19
19
9
9
9
9
9
9
9
9
9
9
9
9
9
9
9
17
17
17
17
17
17
17
17
43
43
43
43
43
43
43
9
9
9
9
9
9
9
9
9
9
9
9
9
9
9
9
9
9
9
17
17
17
17
9
9
9
9
17
17
17
25
25
25
25
17
17
17
17
25
25
25
25
25
25
25
25
25
25
25
26
26
26
26
26
26
26
26
26
26
26
26
26
26
26
26
26
26
26
26
26
26
26
26
26
26
26
26
26
26
26
26
26
26
10
10
10
10
10
10
10
10
10
10
10
10
10
10
10
10
10
10
10
10
10
10
10
10
10
10
10
10
10
10
10
10
10
10
10
10
10
10
10
10
10
10
10
10
10
10
10
10
10
11
11
11
11
11
11
11
10
10
10
10
10
10
10
10
10
10
10
10
10
10
10
10
10
10
10
11
11
11
11
11
11
11
10
10
10
10
10
10
10
10
11
11
11
11
11
11
11
10
10
10
10
2
2
2
2
10
10
10
10
8
8
8
1
1
1
1
1
1
1
1
1
1
1
1
1
1
1
0
0
0
0
1
1
1
1
0
0
0
0
0
0
0
2
2
2
2
8
8
8
8
14
14
14
14
1
1
1
2
2
2
2
2
2
2
2
0
0
0
0
1
1
1
0
0
0
0
0
0
0
0
3
3
3
3
1
1
1
2
2
2
2
0
0
0
0
1
1
1
1
8
8
8
0
0
0
0
1
1
1
1
1
1
1
1
1
1
1
0
0
0
0
0
0
0
0
0
0
0
0
2
2
2
0
0
0
0
1
1
1
1
8
8
8
8
8
8
8
2
2
2
2
0
0
0
0
3
3
3
3
3
3
3
0
0
0
0
0
0
0
0
0
0
0
0
0
0
0
0
0
0
0
0
0
0
0
0
0
0
0
0
0
0
0
0
0
0
0
0
0
0
0
0
0
0
0
0
0
0
0
0
0
0
0
0
0
0
0
0
0
0
0
0
0
0
0
0
0
0
0
0
0
0
0
0
0
0
0
