0.0
0.0
6.731819E-7
-6.653281E-5
5.3944305E-4
-1.7390532E-5
-1.9959842E-4
-6.518645E-5
0.001000236
1.5696358E-4
-3.124686E-4
-5.1835005E-4
-3.233517E-4
1.2700698E-4
-2.1597918E-4
-6.0474173E-5
6.1540044E-4
1.4652926E-4
-3.163955E-5
-1.6896865E-4
-0.0015240838
5.2160374E-4
2.9563904E-4
9.03971E-4
4.0346035E-4
-7.0235306E-5
2.8453153E-4
-7.802178E-4
-5.640142E-4
1.34636375E-5
-1.1062622E-4
5.635654E-4
7.618175E-5
-7.6327607E-4
4.8222262E-4
-2.2742327E-4
7.80891E-5
0.001120399
8.073695E-4
-1.971301E-4
1.3631933E-4
-0.001600041
-0.0021719092
-0.0017563315
0.008598664
0.01690887
-0.037399855
-0.019671608
0.0146459695
0.06135301
-0.010631225
-0.05335617
-0.003154418
0.025722055
0.039177615
-0.025761886
-0.050559998
0.022286808
0.02140135
0.017738005
-0.0150367515
-0.030605093
0.0040590623
0.007534476
0.0046989215
-5.250819E-4
0.002045912
6.8552356E-4
-7.683249E-4
-1.5011955E-4
3.2424927E-5
-6.0698565E-4
0.0017209895
-0.002163831
0.0033324747
0.003545649
-0.00208821
0.0032641466
0.002604653
-0.0011552923
0.0038870643
-0.002319336
-0.0011165843
-0.0038227756
-0.0015844457
-0.0021889631
0.004696117
-0.006537045
0.003958085
0.00896308
0.003600401
-0.010494232
-0.0075342515
0.017949497
-0.00610273
-0.017677084
0.026134828
-0.010752622
-0.0073131113
-5.463993E-4
0.016042149
-0.01019489
-0.009932013
0.017649034
-0.0023770053
-0.011462156
0.009845622
0.008978226
-0.031959757
0.0116853155
0.041541606
-0.052722145
-0.01447341
0.08158998
-0.042130977
-0.05177823
0.06758634
0.014390721
-0.05309677
-0.01637369
0.06504339
-0.014735278
-0.03863716
0.008903615
0.018706378
-0.0026541317
-0.0050284443
-0.006746741
0.009114097
0.0035099704
-0.0035271365
-0.0075581493
0.009704814
0.0010381587
-0.0078066657
0.0019829695
0.0027917975
0.0013252707
-6.800259E-4
-0.0057919445
0.0012209276
6.8597234E-4
0.0021134545
3.6968905E-4
-0.0016761107
-0.0013916913
0.02012264
-0.015922884
-0.0488877
0.09917663
-0.047329735
-0.047026467
0.033108205
0.0525405
-0.062460955
-0.028197456
0.06853407
-0.0037073249
-0.04532152
-0.0020782247
0.06441587
-0.049039952
-0.0045318604
0.011091121
0.025134368
-0.039003372
0.018636703
0.009307076
-0.027720844
0.02261936
-0.0011347602
-0.0042797537
-0.020247852
0.038579267
-0.0061074425
-0.026045183
-0.0025286954
0.023398343
0.0155157205
-0.02833198
-0.015334971
0.017707039
0.029080447
-0.017970478
-0.039436676
0.017483206
0.05053913
-0.025116976
-0.048338946
0.04604306
0.020895341
-0.05360379
0.028723998
-0.021021787
0.028044084
-0.025339799
0.027505651
-0.0065186443
-0.033377815
0.060143415
-0.036248714
-0.034378164
0.07170655
-0.03950119
-0.0055047204
0.0052876193
7.5497344E-4
0.0038449904
0.030761158
-0.04526183
0.053175308
-0.06925672
0.03787938
-0.023837706
-0.011021558
0.051734477
-0.034444023
0.03462825
-0.03860956
0.018531013
0.0030789096
-0.03198186
0.039156634
-0.02931505
0.017491845
1.3048509E-4
-0.005542643
0.023612527
-0.031553715
0.018705929
-0.012861027
0.009630203
-0.0128343245
0.008891948
-0.011534186
0.019363403
-0.017006032
0.015664605
-0.00859945
2.4077471E-4
0.0043588527
-0.012132645
0.012014501
-0.010064967
0.008463915
0.0014343262
-0.017291462
0.02627126
-0.041071836
0.018663744
0.014971453
-0.009415346
0.044139974
-0.058606766
0.032976486
-0.025676616
-0.014615564
0.043581232
-0.03784752
0.033368167
-0.020056443
0.008040372
0.00903971
-0.025822023
0.035469055
-0.038926966
0.021886937
-0.014031803
0.009904973
-0.010138119
0.01876775
-0.010473588
0.01695745
-0.019686082
0.015361786
-0.008947821
-0.0033347185
0.0078000464
-0.00814292
0.008991915
-0.013171925
0.013764886
-0.012579974
0.012935414
-0.009656457
0.0023697123
0.002289716
-0.0036479726
0.004543192
-0.012440177
0.009528553
9.247275E-4
0.012113683
-0.02104243
0.0014666389
0.01418282
-0.011365105
-0.0025064806
0.010589936
0.0018303815
-0.012791914
0.004687365
0.0069059483
-0.012338638
0.007314233
0.0063022166
-0.006064247
-0.006939271
0.015069737
-0.0041033803
-0.010967928
0.0090945745
0.003704632
-0.008686626
-0.0017053941
0.008311103
-0.005484413
-6.904602E-4
0.00419224
-0.0021367914
-5.477457E-4
-1.933154E-4
0.001962325
5.7299E-4
1.4159258E-4
7.236705E-5
-0.0020407508
5.70746E-4
-3.227907E-4
-0.00509004
0.0032869226
-0.003187965
0.014959224
-0.016959246
0.007773455
-0.007939619
0.016616933
-0.019309774
0.009862564
-0.002624175
0.0137335835
-0.016829435
0.0030978709
3.1302956E-5
0.01586555
-0.018150441
-1.1724584E-4
0.007168265
0.0102870045
-0.020142723
0.004643945
0.006719477
1.17582436E-4
-0.012513441
0.011466644
0.010918561
-0.012551252
-0.0067775953
0.007077273
0.005822462
-0.015741909
0.014664145
0.0053993673
-0.006973042
-0.010958279
0.009272631
-0.0010739495
-0.007329492
0.015813828
0.0013519736
-0.008209453
-0.007676854
0.009533714
-0.0073088477
-0.0048234602
0.018582737
-0.0044502933
-0.0103645325
0.0030817145
0.009057774
-0.011510176
0.0011908588
0.004899193
0.0021857093
-0.01489471
0.013262693
0.007984386
-0.021635728
0.028602937
-0.005161173
-0.042529386
0.029159097
0.037460104
-0.041839376
-0.039253797
0.07398874
-0.012344809
-0.032763314
-0.014666613
0.06676214
-0.032133777
-0.030034907
0.032006208
0.009930555
-0.020879745
-0.01562758
0.0421404
-0.01960272
-0.02335986
0.030552248
-0.0036912805
-0.010148666
-0.00831245
0.032937218
-0.020962434
-0.008769877
0.0050236196
0.017460318
-0.008188359
-0.013735715
0.004012052
0.007014667
-7.111044E-4
0.007130567
-0.018411187
-3.5790837E-4
0.025466807
-0.011882221
-0.0189292
0.028677547
-0.008006489
-0.016746858
0.010732539
0.0075130463
-0.0035195071
-0.0050512203
-0.0037538866
0.003640231
0.004303652
0.004286934
-0.008810043
-0.006801942
0.009240655
0.008849761
-0.008830239
-0.009056652
0.016144697
-0.0012612062
-0.014745712
0.011742648
-2.149694E-4
-0.008295059
0.008060006
-0.0026686052
-0.00633969
0.0049099643
0.0066257925
-0.0032064775
-0.005609961
0.0023367265
0.0026105994
-7.0302625E-4
-2.0229115E-4
-9.4178144E-4
3.225663E-4
6.937139E-4
-2.1766215E-5
8.721071E-4
-1.2352888E-4
-0.0016035192
-2.3449169E-4
5.827511E-4
3.0338063E-4
-2.0711562E-4
8.3811145E-5
-2.59736E-4
-4.1411904E-4
2.9294632E-4
-3.4579108E-4
2.2495494E-4
1.2958751E-4
-6.45918E-4
0.0025435055
-0.0011326285
5.493164E-4
-4.3218277E-4
-0.0016155243
-0.0011097403
0.0021523868
0.0016802619
-7.85491E-4
-0.0012256398
-1.8411524E-4
1.1601167E-4
1.8624698E-4
-7.4375374E-4
8.285747E-4
2.4313085E-4
-1.8030054E-4
1.0625054E-4
7.5497344E-4
0.0011525996
-1.8220789E-4
-0.0011319553
-2.0363752E-4
-2.674776E-4
3.4983017E-4
-6.040685E-4
-4.386902E-4
-9.258495E-4
-6.560157E-4
9.5019623E-4
3.4781062E-4
3.225663E-4
5.024181E-4
3.9639193E-4
7.696713E-4
9.7386976E-5
-2.4436502E-4
-2.6197993E-4
-6.6050363E-4
-4.8502753E-4
-5.0051074E-4
5.3675036E-4
1.1320675E-4
4.600076E-4
3.5162532E-4
-7.096459E-4
3.1392716E-4
-2.2697449E-4
1.8131032E-4
-2.3830638E-4
-4.1995329E-4
2.7028253E-4
2.37521E-4
2.672532E-4
-1.0266023E-4
-1.1365554E-4
-3.04727E-4
3.1302956E-5
6.462546E-4
5.5088716E-5
1.9017387E-4
-2.0745222E-4
-5.867902E-5
-3.9538214E-4
-2.8778525E-4
5.228379E-5
-4.638223E-4
7.335438E-4
2.7757534E-4
-1.7962736E-4
4.2186063E-4
-1.0097728E-5
4.5394897E-4
-1.9971062E-4
-2.5356517E-4
-1.6930525E-4
-5.414626E-4
-2.376332E-4
-8.0624747E-4
7.887448E-4
-5.722046E-5
7.915497E-4
2.2237441E-4
-4.679736E-4
-3.0741972E-4
1.6627592E-4
5.9576595E-4
2.3651123E-4
-5.732144E-4
2.4885288E-4
3.4220077E-4
-3.415276E-4
2.3471608E-4
-1.891641E-4
3.2323948E-4
-7.6630537E-4
-8.2711614E-4
-9.6265005E-4
0.0017897662
0.0010764179
-2.6568244E-4
-7.472319E-4
-3.5869374E-4
7.584516E-5
-3.7316716E-4
5.461749E-4
9.1563957E-4
1.189288E-5
2.2495494E-4
-3.0640996E-4
-5.2474526E-4
6.234786E-4
1.1432872E-4
1.115238E-4
-9.470547E-4
-6.417667E-4
6.260591E-5
-8.682924E-4
4.527148E-4
2.7432162E-4
1.11075005E-5
3.0528798E-4
2.3673563E-5
5.569458E-4
3.9145525E-4
2.9081455E-4
2.782485E-4
-1.1309455E-4
-2.2360857E-4
-9.0688816E-4
-2.605214E-4
-1.8871532E-4
7.517198E-5
-1.1298236E-4
-2.041985E-4
5.0275464E-4
-7.4835385E-5
5.492042E-4
2.6523366E-4
2.4458941E-5
1.8849092E-5
-0.0011701023
3.236883E-4
4.3240716E-4
1.7973955E-4
4.7178828E-4
-6.1618583E-4
4.532758E-5
-1.669491E-4
-1.5382205E-4
1.6672471E-4
-6.868699E-4
-2.6927275E-6
-1.4776342E-4
2.850925E-4
1.6156366E-5
3.0281965E-4
5.4841884E-4
-1.4989516E-4
4.309486E-4
2.964244E-4
-0.0013177535
0.0010695738
-0.0012201421
7.181729E-4
1.1365554E-4
-0.0012255276
-0.001009324
-4.9893995E-4
-7.932326E-5
0.0011747023
2.3482827E-4
1.4551949E-4
9.28991E-5
5.9576596E-5
3.0517578E-5
2.2439395E-5
0.0
0.0
0.0
0.0
0.0
0.0
0.0
0.0
0.0
0.0
0.0
0.0
0.0
0.0
0.0
0.0
0.0
0.0
0.0
0.0
0.0
0.0
0.0
0.0
0.0
0.0
0.0
0.0
0.0
0.0
0.0
0.0
0.0
0.0
0.0
0.0
0.0
0.0
0.0
0.0
0.0
0.0
0.0
0.0
0.0
0.0
0.0
0.0
0.0
0.0
0.0
0.0
0.0
0.0
0.0
0.0
0.0
0.0
0.0
0.0
0.0
