-5.04145E-6
1.5460446E-5
2.7307853E-4
0.0098926695
0.016252626
0.017104631
0.009431545
-0.010972212
-0.03082225
-0.026001278
-0.013341693
-0.001790891
0.0055254293
0.008220924
0.0052249585
0.0013953053
-8.420902E-4
-0.0013647205
7.5974653E-4
0.0019555783
0.0032488783
0.002736835
0.0015201652
9.861076E-4
2.5812225E-4
7.325227E-4
0.0011978485
0.002044308
0.0031309086
0.0026099586
0.0021392552
0.0024486321
0.001780304
0.0012785117
-0.0010371943
-0.0021957194
-0.003577749
-0.0027896024
-4.273469E-4
0.0012875863
0.0020101941
-1.8485316E-5
-5.510305E-4
-0.004551589
-0.0090289
-0.012391211
-0.00673941
4.377659E-4
0.0024667815
0.0038269646
0.004993388
0.0032831603
0.002156228
6.081669E-4
-0.0020580878
-0.0034130616
-0.0026968396
-0.0020559032
-8.817496E-4
4.62469E-4
0.0012333067
0.0041259225
0.005609285
0.004075676
0.002389311
0.0018201314
0.0024810657
0.002742885
0.0027612022
0.0026432322
9.5451454E-4
-3.4483516E-4
-0.002034729
-0.0038931756
-0.005581053
-0.005013386
-0.0035038078
-0.0022444534
-4.7473653E-4
0.002312513
0.00584825
0.009038984
0.009727982
0.009636059
-0.0057985075
-0.019704003
-0.012568503
-0.007937931
-0.0063295406
-0.0053236033
-0.0010486216
0.0012425494
0.0016900621
0.0026210498
0.0032087148
0.003591193
0.003550189
0.003994341
0.0037108432
0.0019034834
0.001634102
0.0028121208
0.0024267859
0.0025966829
0.002211012
0.003303326
0.0030500772
0.002896481
0.002750279
0.0025479489
0.0018381126
2.614832E-4
-0.0012477589
-0.003696055
-0.006168046
-0.007860125
-0.006776549
-0.003818226
1.3393452E-4
0.003554054
0.004325396
0.0057104505
0.0040662657
-0.0016577968
-0.0068059573
-0.006974342
-0.0045047035
-0.003800245
-0.004853236
-0.006077636
-0.005402754
-0.0046836752
-0.0036488334
-0.002541731
-1.5914177E-4
0.0026818833
0.004537473
0.00575784
0.007446726
0.0083175525
0.00923476
0.008798506
0.009062175
0.006880571
0.006330549
0.004467229
0.0020952267
-9.037639E-4
-0.004492604
-0.005277054
-0.0052602487
-0.0057348176
-0.006088391
-0.0061099012
-0.00660682
-0.0057632173
-0.002722551
0.0021989124
0.007304221
0.01095171
0.011679695
0.014211344
0.011179919
-0.030819224
-0.03006452
-0.020714479
-0.016595613
-0.013489744
-0.0066710147
0.0034233127
0.010911042
0.014559708
0.015573711
0.014414177
0.011496859
0.007833069
0.004350771
0.003035625
0.0041412152
0.0041568438
0.0057949787
0.0069723255
0.0061564506
0.004235154
7.123569E-4
-8.646087E-4
-0.0023311665
-0.0038104958
-0.005160428
-0.0046782973
-0.0045028552
-0.0062324083
-0.0070082876
-0.005795147
-0.006741763
-0.007065088
-0.004614775
-8.790608E-4
-6.3925586E-4
-0.0012990136
-0.0011956639
-7.747028E-4
-7.452943E-4
-0.0012591862
-7.6025067E-4
8.8023714E-4
0.0016603175
0.0021498422
4.8649992E-4
-1.3796768E-4
0.0016243552
0.0013332955
0.0012618749
0.0025546707
0.0027867456
0.0020053207
7.3067413E-4
0.0019564186
0.0025124906
0.00415113
0.006080661
0.008468964
0.010024587
0.008291504
0.0045421785
-1.8434902E-4
-0.0037197499
-0.0057764933
-0.008002126
-0.008291504
-0.008011536
-0.0067291595
-0.0058984966
-0.003776046
0.001109119
0.007354467
0.011974116
0.016147427
0.013151126
0.007353123
-0.013022905
-0.035279393
-0.019424371
-0.008458041
-0.0033347511
0.0012712856
0.0042465813
0.0065318705
0.0070879427
0.005889926
0.0038256203
0.0022313457
0.0014857153
0.0020486773
0.0015917538
0.0012092758
4.0600478E-4
-1.9241533E-4
-1.6972881E-4
-2.882029E-4
8.015906E-5
7.217676E-4
4.8095433E-4
-5.2431078E-5
-0.0013948012
-0.00316435
-0.0042166687
-0.005190677
-0.0054148533
-0.0030927616
8.385612E-5
0.0030016792
0.0038101599
0.004547892
0.0042998525
0.003773021
0.0029677337
0.0012190226
-1.3880793E-4
-0.0012588501
-0.0023511641
-9.7266375E-4
0.0027697727
0.0050160745
0.0034535613
0.0015663785
4.339008E-4
-0.001589233
-0.0043480825
-0.0056812097
-0.004791058
-0.0038711615
-0.0030272226
-8.1839535E-5
0.0024844266
0.0041313004
0.0045369687
0.004940453
0.0049219676
0.00430523
0.0029687418
0.0021915182
-3.369369E-4
-5.1137106E-4
-5.73717E-4
-2.7946438E-4
-7.584021E-4
-8.335197E-5
-0.0021234588
-0.0049562496
-0.007232968
-0.007819961
-0.0034468393
0.0040600477
0.011456191
0.016070966
0.024724111
-0.007388581
-0.02589776
-0.0151167875
-0.013580826
-0.020308305
-0.018547999
-0.012556908
-0.0038919994
0.0032557684
0.00878876
0.010589061
0.009401296
0.007283887
0.0053748577
0.005061784
0.0033216432
0.003223167
0.0035199404
0.0036342132
0.0045178114
0.0043200185
0.0039582103
0.003726976
0.0025071132
0.0031342695
0.001654772
0.0021108552
0.002587272
0.0017324103
0.0014401742
9.6375716E-4
8.2310074E-4
5.8245554E-4
7.619311E-4
8.951935E-4
6.5202755E-4
-4.738963E-5
-0.0016213303
-0.0047161086
-0.008459889
-0.013191458
-0.007732912
-0.0024815698
-0.0022016012
-0.0015139474
-0.0013519488
-0.0018885272
-0.0023622555
-0.002753472
-0.0016737614
-0.0010825674
-2.4249374E-4
5.505263E-4
0.0017603063
0.0026718003
0.0023859502
0.0032167812
0.004835927
0.0062843356
0.0049668364
0.0066426145
0.005549964
0.0054723257
0.0035145627
4.4885708E-4
-0.0011519713
-0.002215045
-0.004637798
-0.0057277596
-0.0054945084
-0.004456138
-0.0032450133
4.9742306E-5
0.0043803477
0.0075446977
0.010942971
0.009709832
0.010976749
-0.005132028
-0.024476407
-0.020768758
-0.010146254
-0.0064345705
-0.00534713
-0.0016604855
0.0020036402
0.00424322
0.0061208243
0.006942581
0.0050542215
0.003049741
0.0026348298
0.0022649553
0.0032028332
0.0025198848
0.00155075
2.3762035E-4
5.169167E-4
4.523861E-4
9.948461E-4
0.0014280747
0.0020602725
0.001425218
9.409026E-4
7.325227E-4
-4.984313E-4
-0.003511538
-0.005358221
-0.0055343355
-0.0033614708
-9.4980915E-4
0.0017792957
0.003796884
0.0043653916
0.004238851
4.5104173E-4
-0.002353853
-0.012395749
-0.01164222
-7.947006E-4
0.005340576
0.0044527766
0.0025998757
0.0021355583
0.0011289486
-3.5895125E-4
1.2435576E-4
-7.604187E-4
-0.0015492375
-6.091752E-4
-8.152025E-4
-3.1727526E-4
-8.90152E-4
-3.6970632E-6
0.0022587376
0.0033266847
0.0034925486
0.003042179
0.0048692003
0.0065564057
0.004922472
0.0026544915
5.448127E-4
-0.0023486435
-0.004412109
-0.0057013757
-0.007025933
-0.00907982
-0.007461178
-0.0054019135
-0.0030688986
0.001422193
0.010541168
0.0228376
0.024492372
0.020420393
-0.009314919
-0.039948616
-0.027134093
-0.020386111
-0.015276098
-0.0063923905
-0.002124131
0.0021446329
0.00566743
0.007818953
0.009347521
0.008634156
0.006943253
0.0067222696
0.006272236
0.004651242
0.002625251
0.0028284215
0.0024590513
8.755318E-4
5.779182E-4
0.0010887851
5.5539975E-4
7.518482E-4
0.0015173084
0.001213477
9.237617E-4
2.2568891E-4
2.2636111E-4
-3.7357144E-4
-0.0016282203
-0.001692919
-0.0015147877
8.874632E-4
6.073267E-4
-1.8132415E-4
-0.0017371156
-0.004418831
-0.007478151
-0.010230446
-0.0055719786
0.0011536517
0.002249663
0.0012818726
0.0012825449
0.0016588051
5.9203425E-4
-8.7603595E-4
-6.300132E-4
-9.80226E-4
-8.4898015E-4
-0.0012047385
-0.001328254
3.4786004E-5
0.0010158522
0.0030495732
0.0047755977
0.0041667586
0.0041400385
8.6528086E-4
0.0015389866
0.0015683951
2.6450807E-4
6.2598E-4
0.0019424707
0.0011234031
2.4854348E-4
-0.002427122
-0.005854468
-0.007788368
-0.00763578
-0.005218741
4.6448558E-4
0.006877546
0.01150879
0.015424148
0.016844997
0.019432269
-0.01594577
-0.028333789
-0.014691457
-0.009960561
-0.011349144
-0.008582733
-0.0028445541
0.0013867349
0.0044287457
0.006786968
0.0069892984
0.007103235
0.0057766614
0.0053274683
0.0056388616
0.004714092
0.0045566307
0.0023587265
9.365334E-4
-6.6816015E-4
-0.0015347854
-0.0020434677
-0.002983362
-0.0029048834
-0.0027447334
-0.0013479156
-0.0010365221
-6.822762E-4
-3.160989E-4
-0.0020157397
-0.0042403634
-0.0038958646
-0.0020421233
-3.281984E-4
0.0025087935
0.004091809
0.005497701
0.0042306166
-0.0030922573
-0.009577579
-0.007973557
-0.0017078752
4.0802135E-4
-3.542459E-4
-0.001992213
-0.0020327126
-9.385499E-4
4.4868904E-4
9.427511E-4
0.0014058923
0.0017781194
0.002298061
0.0023592305
0.001978937
0.0013008622
0.0022054664
0.002951769
0.0031685513
0.0034717105
0.005038425
0.0043260683
0.0049490235
0.003049237
0.0012183504
-5.5573584E-4
-0.0023106646
-0.0041353335
-0.006126034
-0.007447902
-0.008187147
-0.008271339
-0.0063508824
0.0018224842
0.0063651665
0.0037783987
0.0022400843
0.0013242209
7.765513E-4
4.5171392E-4
2.534169E-4
1.4317718E-4
6.889982E-5
2.9072362E-5
0.0
0.0
0.0
0.0
0.0
0.0
0.0
0.0
0.0
0.0
0.0
0.0
0.0
0.0
0.0
0.0
0.0
0.0
0.0
0.0
0.0
0.0
0.0
0.0
0.0
0.0
0.0
0.0
0.0
0.0
0.0
0.0
0.0
0.0
0.0
0.0
0.0
0.0
0.0
0.0
0.0
0.0
0.0
0.0
0.0
0.0
0.0
0.0
0.0
0.0
0.0
0.0
0.0
0.0
0.0
0.0
0.0
0.0
0.0
0.0
0.0
0.0
0.0
0.0
0.0
0.0
0.0
0.0
0.0
0.0
0.0
0.0
0.0
0.0
0.0
0.0
0.0
0.0
0.0
0.0
0.0
0.0
0.0
0.0
0.0
0.0
