184
184
184
244
244
244
327
327
327
0
0
0
0
0
0
0
0
1
1
1
0
0
0
160
160
160
234
234
234
163
163
163
160
160
308
308
308
160
160
160
158
158
158
365
365
365
280
280
0
0
0
0
0
0
0
0
0
0
0
0
0
0
0
342
342
363
363
363
401
401
401
344
344
344
0
0
0
0
0
0
276
276
335
335
335
0
0
0
0
0
0
0
0
0
0
0
0
0
0
0
0
0
0
0
0
302
302
302
282
282
282
276
276
0
0
0
0
0
0
160
160
160
317
317
317
336
336
336
0
0
0
0
0
0
0
0
0
0
0
0
0
0
0
0
302
302
302
357
357
357
0
0
0
0
0
0
0
0
0
0
0
299
299
299
0
0
0
0
0
0
0
0
0
0
0
0
0
0
0
0
0
0
0
0
275
275
275
278
278
278
0
0
0
0
0
0
0
0
296
296
296
338
338
338
344
344
344
344
344
0
0
0
0
0
0
0
0
0
320
320
320
278
278
278
353
353
361
361
361
0
0
0
0
0
0
0
0
0
317
317
313
313
313
0
0
0
0
0
0
0
0
0
0
0
0
0
0
279
279
279
277
277
277
276
276
276
262
262
262
0
0
0
0
0
254
254
254
245
245
245
278
278
278
336
336
336
336
336
0
0
0
0
0
0
0
0
0
304
304
304
362
362
362
273
273
370
370
370
0
0
0
0
0
0
159
159
159
354
354
354
0
0
0
0
0
0
0
0
0
0
0
0
0
0
0
0
279
279
279
282
282
282
317
317
317
352
352
352
160
160
160
234
234
239
239
239
338
338
338
388
388
388
0
0
0
0
0
0
0
0
0
0
0
0
0
0
275
275
275
275
275
275
282
282
0
0
0
0
0
0
158
158
158
300
300
300
338
338
338
0
0
363
363
363
0
0
0
0
0
0
0
0
0
159
159
159
255
255
279
279
279
352
352
352
0
0
0
1
1
1
276
276
300
300
300
344
344
344
0
0
0
0
0
0
0
0
0
0
0
187
187
187
257
257
257
255
255
255
396
396
396
0
0
0
0
0
0
0
0
0
0
0
364
364
364
0
0
0
0
0
0
0
0
0
0
0
0
0
0
234
234
234
314
314
314
277
277
277
277
277
348
348
348
348
348
348
271
271
271
300
300
300
279
279
232
232
232
344
344
344
318
318
318
0
0
0
0
0
186
186
186
274
274
274
268
268
268
362
362
362
0
0
0
0
0
1
1
1
302
302
302
345
345
345
0
0
0
0
0
0
0
0
0
0
0
0
0
0
317
317
317
318
318
318
318
318
318
318
318
277
277
277
0
0
0
249
249
249
301
301
301
346
346
340
340
340
0
0
0
0
0
0
0
0
0
0
0
0
314
314
380
380
380
274
274
274
396
396
396
0
0
0
0
0
0
0
0
0
0
0
0
0
0
0
0
0
0
0
0
0
0
0
0
0
0
0
0
0
0
0
0
0
0
0
0
0
0
0
0
0
0
0
0
0
0
0
0
0
0
0
0
0
0
0
0
0
0
0
0
0
0
0
0
0
0
0
0
0
0
0
0
0
0
0
0
0
0
0
0
0
0
0
0
0
0
0
0
0
0
0
0
0
0
0
0
0
0
0
0
0
