0.0
0.0
7.82502E-6
1.0270339E-4
3.8929473E-4
-3.208258E-4
-0.00194843
-0.003582881
0.0041443263
0.002285884
0.0043301703
-0.0058179023
-0.002854176
-0.0019738614
1.8388797E-4
-0.004858359
-0.008287674
0.0903555
0.24425507
-0.26412964
0.35591418
-0.4844685
0.42399478
-0.12262882
-0.29904878
0.47604585
-0.08684109
-0.46814647
0.24959074
0.47202966
-0.15499897
-0.466066
-0.28731322
0.46867958
0.4790213
0.316703
-0.4682756
-0.4792766
-0.4728816
0.3920237
0.476485
0.47338143
-0.09276854
-0.46938282
-0.47529757
-0.25012872
0.46890062
0.47510782
0.4717421
-0.2997863
-0.46878716
-0.4691207
-0.14759748
0.47280627
0.48173463
0.47871906
-0.29220092
-0.47055757
-0.47517923
-0.26467934
0.47204334
0.47940964
0.48573712
-0.061552584
-0.47539344
-0.47040597
-0.4795573
0.3206341
0.47256175
0.4714545
0.4246648
-0.47495133
-0.4734137
-0.46454895
-0.28538042
0.48054817
0.47385973
0.46765643
0.20566499
-0.45177165
-0.47714916
-0.4716932
-0.22164564
0.47121194
0.47380984
0.47075027
0.28360415
-0.48162216
-0.47629723
-0.4891537
-0.4252028
0.4832654
0.4771433
0.47547364
0.47409448
-0.2775065
-0.47343326
-0.4789763
-0.46546543
-0.02637423
0.4721666
0.46839297
0.4748173
0.42752975
-0.47382158
-0.46780804
-0.47969425
-0.47254512
0.03395276
0.4781351
0.47563404
0.46482086
0.47543648
-0.41699725
-0.4849341
-0.4838425
-0.4829162
-0.24518429
0.47875527
0.48015007
0.47181445
0.47750032
0.08867997
-0.4650918
-0.48510918
-0.48253474
-0.4821963
-0.023233462
0.46727398
0.47342545
0.4743214
0.47268793
0.07155394
-0.47193772
-0.47173816
-0.48188332
-0.47995347
-0.22782154
0.4715709
0.47486034
0.4741111
0.47519684
0.46876955
-0.43686596
-0.4711464
-0.47540027
-0.47559687
-0.47236514
0.017907558
0.47845888
0.47466472
0.47278672
0.46816704
0.47353205
-0.42125797
-0.48061466
-0.47647524
-0.47247273
-0.47665423
-0.27331522
0.46608558
0.47753063
0.47968838
0.47037172
0.4643142
0.16197693
-0.4719739
-0.47287965
-0.4751665
-0.4714046
-0.47378635
-0.2132758
0.47281703
0.47088525
0.47220668
0.47405437
0.47224483
0.43370858
-0.46705684
-0.47320145
-0.47337946
-0.47614366
-0.4721294
-0.4693036
0.11251303
0.47243556
0.47092438
0.46860424
0.47052333
0.4744241
0.47463733
-0.46544197
-0.4703189
-0.4711914
-0.47577196
-0.47210205
-0.47237396
-0.3214792
0.47244045
0.4725764
0.47172838
0.47211963
0.47185653
0.47417468
0.38507998
-0.47687432
-0.47647622
-0.46962443
-0.47124812
-0.47178608
-0.47355065
-0.47465298
0.27392656
0.46720356
0.477426
0.47646645
0.46999025
0.46783936
0.47145355
0.2675032
-0.46997657
-0.4688263
-0.4716198
-0.47649676
-0.47455028
-0.47900173
-0.47398004
-0.117615916
0.46987873
0.4723456
0.47604975
0.47527802
0.47113857
0.471879
0.47424412
0.2640504
-0.47525552
-0.4741346
-0.4725412
-0.47139877
-0.4722644
-0.4716022
-0.47303027
-0.47270846
0.23306821
0.47376388
0.47185162
0.47374725
0.47491318
0.4749699
0.47551864
0.4742637
0.47418445
-0.39534542
-0.47126865
-0.4722693
-0.4727613
-0.4733697
-0.47438204
-0.47178805
-0.47188783
-0.47270846
0.2004506
0.46830788
0.46216816
0.46678102
0.4642379
0.46807703
0.47002155
0.47548732
0.4751098
0.40134037
-0.47557437
-0.47351053
-0.4747733
-0.4726312
-0.47318092
-0.4715533
-0.47003624
-0.46804085
-0.4790761
-0.47424904
0.46410194
0.47866428
0.48075062
0.4688801
0.47530735
0.47079426
0.46550065
0.46446678
0.4813434
0.46814257
0.06870465
-0.4805423
-0.47522128
-0.4813287
-0.4810519
-0.47491318
-0.4755079
-0.47434098
-0.47291878
-0.47106814
-0.47090676
-0.23821317
0.47146234
0.4744867
0.47249132
0.47329044
0.4726185
0.47285616
0.47248057
0.4728239
0.47333544
0.4725774
0.47295788
0.015772305
-0.47456104
-0.47409838
-0.4734978
-0.4725921
-0.47352618
-0.4730743
-0.4728151
-0.47265664
-0.47334427
-0.47286204
-0.47292757
-0.4483629
0.47402796
0.47409838
0.47313103
0.4728904
0.47318774
0.47253338
0.47133029
0.47043726
0.47197488
0.4745542
0.47370714
0.47546974
0.4753367
-0.27369767
-0.4718487
-0.47277108
-0.47359073
-0.47313005
-0.4734714
-0.47359073
-0.4735438
-0.47349
-0.47337458
-0.4736602
-0.47178316
-0.47370812
-0.47450823
0.44310936
0.4737091
0.47333252
0.4726752
0.4730694
0.474071
0.47117084
0.46833527
0.46652377
0.46951097
0.46987092
0.4702289
0.47342446
0.3612215
-0.4767677
-0.47601357
-0.47368562
-0.4725862
-0.4727613
-0.47333935
-0.47359955
-0.47356334
-0.47331002
-0.47279552
-0.4727564
-0.47644588
-0.4718027
-0.19971211
0.48525295
0.47542766
0.4766523
0.4761104
0.47746706
0.47833076
0.47632462
0.47420597
0.47386852
0.47400156
0.47399372
0.47315937
0.47097132
0.05815946
-0.46734735
-0.46524927
-0.46410975
-0.4627668
-0.46147662
-0.4595282
-0.45784974
-0.45631602
-0.4546268
-0.45269305
-0.4514078
-0.45862538
-0.46281862
0.087857366
0.4375213
0.45264217
0.4569342
0.45294052
0.4507896
0.45175698
0.4455185
0.43844566
0.43703616
0.43194598
0.42921603
0.4265966
0.42883945
-0.20498128
-0.42485455
-0.42574075
-0.42223123
-0.42112106
-0.41978297
-0.41855347
-0.41727504
-0.4156269
-0.41372347
-0.4117369
-0.4104575
-0.41166842
-0.40701938
0.3039179
0.40321544
0.40031433
0.40622222
0.3965143
0.3928297
0.39345178
0.3936611
0.39418244
0.39486322
0.38713306
0.38366854
0.38098946
0.3766896
-0.37562248
-0.37693217
-0.38001916
-0.3801297
-0.379981
-0.378148
-0.37677178
-0.3754239
-0.3738814
-0.37260494
-0.37067217
-0.3703435
-0.37086388
-0.24433038
0.363928
0.36541083
0.36552134
0.35928482
0.3613467
0.35788903
0.3564502
0.35769928
0.35878596
0.35630837
0.35529405
0.34291878
0.34789157
0.12654427
-0.346755
-0.3466797
-0.343848
-0.3401546
-0.33872262
-0.33720455
-0.33572367
-0.3341655
-0.33258486
-0.33074793
-0.32680705
-0.3324489
-0.33169574
-0.031558305
0.3255433
0.32561082
0.3383108
0.3253252
0.32351664
0.3186485
0.31799805
0.3137334
0.3111355
0.3107609
0.3071506
0.3107873
0.30693543
-0.048567943
-0.30551812
-0.30582526
-0.30181688
-0.29848537
-0.29723924
-0.29576227
-0.2943381
-0.2928543
-0.29134798
-0.28962356
-0.28738657
-0.2892675
-0.28864542
0.11811476
0.28442088
0.28382325
0.2860876
0.27953905
0.27904412
0.27789873
0.27522942
0.26875618
0.26661113
0.26692414
0.26602623
0.2676597
0.26433894
-0.17750275
-0.26411986
-0.2664644
-0.26029634
-0.25711158
-0.25600627
-0.25453323
-0.25312278
-0.2516321
-0.2500387
-0.24834168
-0.2457242
-0.2494724
-0.24492311
0.21796398
0.24276048
0.24252377
0.24163564
0.2385878
0.23720472
0.23443173
0.23361695
0.23350838
0.23381257
0.23184067
0.2281091
0.22708893
0.1902722
-0.22605114
-0.22327423
-0.2255288
-0.21817036
-0.2159461
-0.21470681
-0.21326505
-0.2117597
-0.21024948
-0.20867273
-0.20684853
-0.20540188
-0.20658639
-0.1268338
0.20356202
0.2013896
0.19821264
0.1977089
0.19611554
0.1963591
0.19636986
0.19390008
0.18941635
0.18633524
0.18603104
0.18715394
0.18235818
0.07512606
-0.17825787
-0.17674959
-0.17485887
-0.17586243
-0.17502418
-0.17338288
-0.1719059
-0.17041524
-0.16897935
-0.16749161
-0.16620733
-0.16497098
-0.16041584
-0.026814386
0.15687306
0.15689947
0.15916775
0.15826592
0.15568367
0.15199514
0.14951558
0.14953613
0.14867146
0.14632396
0.14571263
0.14267848
0.14081807
-0.009569021
-0.13696817
-0.13523982
-0.13504322
-0.1345874
-0.13365819
-0.13205014
-0.13058296
-0.1291451
-0.12762314
-0.12606987
-0.12460757
-0.1229917
-0.1219187
0.031986725
0.11783893
0.11781839
0.116552696
0.11501214
0.11357527
0.111705095
0.1108326
0.10904165
0.10672447
0.1058823
0.10416764
0.10196979
0.10021796
-0.048754763
-0.09835854
-0.09540558
-0.09601593
-0.093145125
-0.0921445
-0.090675354
-0.08925316
-0.08777912
-0.08626009
-0.084772356
-0.08335602
-0.081798844
-0.080206454
0.053100586
0.07690625
0.07521898
0.07422814
0.07250761
0.07162827
0.07053082
0.06909786
0.06729126
0.0655991
0.06403116
0.062529735
0.06120437
0.060036488
-0.051289093
-0.056483928
-0.05488371
-0.053663988
-0.052317105
-0.05085676
-0.04936805
-0.047898903
-0.046414103
-0.044924416
-0.043451358
-0.042001773
-0.04046122
-0.036139853
0.037539553
0.0360215
0.034614954
0.03314874
0.031572
0.030184036
0.028725648
0.027179228
0.025657263
0.024136273
0.02266517
0.021184284
0.01974546
0.0137153035
-0.01687759
-0.015363448
-0.014017545
-0.012466235
-0.010952094
-0.009490771
-0.0080167325
-0.00653487
-0.0050588753
-0.0035916842
-0.0021156897
-6.44586E-4
0.0
0.0
0.0
0.0
0.0
0.0
