0.0
0.0
0.0
0.0
0.0
0.0
0.0
0.0
0.0
0.0
0.0
0.0
0.0
0.0
0.0
0.0
0.0
0.0
0.0
0.0
0.0
0.0
0.0
0.0
0.0
0.0
0.0
0.0
0.0
0.0
0.0
0.0
0.0
0.0
0.0
0.0
0.0
0.0
0.0
0.0
0.0
0.0
0.0
0.0
0.0
0.0
0.0
0.0
0.0
0.0
0.0
0.0
0.0
0.0
0.0
0.0
0.0
0.0
0.0
0.0
0.0
0.0
0.0
0.0
0.0
0.0
0.0
0.0
0.0
-1.9090057E-6
3.8180115E-6
-1.5272046E-5
-5.727017E-6
7.636023E-6
2.6726082E-5
-4.0089122E-5
-1.3363041E-5
7.826924E-5
-3.608021E-4
-4.237993E-4
0.0013553941
4.600704E-4
-0.0019147329
-2.4435273E-4
0.0011454035
-0.0019013698
-2.5580678E-4
0.0064619845
-0.0028883258
-0.005538026
0.0063054464
-0.0013668481
-0.007958645
0.012662436
3.6271111E-4
-0.021226235
0.015251047
0.022572085
-0.036076393
-0.010409809
0.055179812
-0.019634124
-0.056584843
0.051375166
0.041173436
-0.077812985
-0.0077333828
0.086758584
-0.03371495
-0.067515805
0.054693017
0.040835544
-0.0599886
-0.008930329
0.03398412
0.004974869
-0.0108717885
-0.012509715
-0.007552027
0.03761696
0.016005104
-0.0784315
0.001649381
0.1003068
-0.032598183
-0.09247797
0.058654204
0.047551427
-0.039986037
-0.017843477
0.01393956
0.0012809429
0.008395808
0.0142354565
-0.026348097
-0.017639214
0.021833299
0.032684088
-0.034484282
-0.03676936
0.027869577
0.039088804
-0.015558397
-0.058879465
0.030395191
0.06163607
-0.010285723
-0.09243215
0.012036282
0.11492406
-0.0018040105
-0.136639
0.01732041
0.10620181
-0.023219237
-0.044084672
-0.005671656
0.006246267
0.033443872
0.012509715
-0.05195741
-0.014781432
0.06662239
0.0018708257
-0.054945007
-0.016808797
0.03287308
0.04829212
-0.030868623
-0.10356929
0.059555255
0.14262946
-0.11137522
-0.14448501
0.15849711
0.09540829
-0.15810385
-0.009672932
0.102215804
-0.047406342
-4.8106947E-4
0.0454687
-0.096715964
0.024839984
0.11746877
-0.0949024
-0.07454668
0.10792373
0.028133018
-0.049605515
-0.024582269
-0.058033776
0.104659334
0.10517095
-0.20827444
-0.050926547
0.23799385
-0.06551135
-0.15851238
0.13136251
0.056388214
-0.10180728
0.0055532977
-0.005341398
0.020380545
0.078488775
-0.08550246
-0.05656957
0.088619865
-0.018851433
-0.0012713979
0.065736614
-0.12218782
-0.013101507
0.1782725
-0.10470133
-0.13480254
0.22950068
-0.014569532
-0.19976982
0.08774363
0.1114573
-0.09121993
0.0060095503
-0.013216048
-0.012752159
0.08288521
-0.068155326
-0.037473783
0.122607805
-0.06493101
-0.08963164
0.15649648
-0.06522882
-0.10686233
0.1903546
-0.051407617
-0.18675423
0.2013104
0.03850465
-0.19775009
0.08829725
0.10020562
-0.12099279
0.035721317
0.024757896
-0.05911618
0.063279726
-0.016405996
-0.064543486
0.13209556
-0.04318171
-0.14427884
0.14695717
0.0038180116
-0.122850254
0.14587095
0.013445128
-0.23290634
0.17087129
0.12314424
-0.24650419
0.047142897
0.18548281
-0.14494127
-0.03638947
0.08784672
-0.05349225
0.038886447
0.0017944655
-0.09348592
0.13819866
6.261539E-4
-0.20178954
0.15222031
0.11206437
-0.20732567
0.050298486
0.14114808
-0.2131634
0.056056045
0.19175582
-0.197899
-0.039598506
0.21040489
-0.12452445
-0.07803443
0.1373396
-0.049489066
-0.021951659
0.06595806
-0.11085978
0.069354184
0.08100675
-0.20363937
0.07848687
0.16772334
-0.17811596
-0.00727713
0.1602515
-0.19299285
0.031084342
0.18716848
-0.19470905
-0.03871082
0.24684972
-0.15694128
-0.121538766
0.20730467
-0.031574957
-0.10013117
0.0864856
-0.054467753
0.016384996
0.077770986
-0.12577294
0.011198228
0.15444048
-0.11677197
-0.08388171
0.16783789
-0.09044869
-0.050644014
0.13158396
-0.08354764
-0.04149606
0.15665492
-0.1140001
-0.079195105
0.11825718
0.009417126
-0.044449292
0.030761719
-0.056865465
0.05743244
0.031361148
-0.13632211
0.06778307
0.107179224
-0.13538288
-0.010205545
0.15713218
-0.12621774
-0.04450656
0.1297914
-0.05860648
-0.0762476
0.13021329
-0.028873714
-0.09248561
0.058917645
0.05316772
-0.04685273
-0.02534587
-0.013261863
0.09358519
-0.039753135
-0.13703416
0.15150633
0.088572145
-0.21536449
0.04335352
0.16944526
-0.15046784
-0.038857814
0.1159301
-0.04717917
-0.026743263
0.0687643
-0.04427748
-0.01703215
0.021459134
0.008653523
0.008653523
-0.036066845
-0.0143786315
0.095750004
-0.052390754
-0.11731795
0.13853273
0.08259504
-0.2006747
0.034270473
0.15705581
-0.107736655
-0.057980325
0.09428198
-0.008407261
-0.031248515
0.0155927595
-0.042847637
0.038941808
0.0100203715
-0.03686481
0.04338025
-0.028810715
-0.044119034
0.10871215
-0.047114264
-0.121783115
0.15759225
0.078066885
-0.21749112
0.03383331
0.16314745
-0.093768455
-0.07797716
0.08738283
0.020601992
-0.025254238
-0.039777953
-0.008246905
0.074834935
-0.0033464872
-0.07588107
0.051031545
0.025305782
-0.082463324
0.075516455
-0.004285718
-0.1066447
0.10497432
0.06986198
-0.17993715
0.03287499
0.16681275
-0.11463389
-0.091659
0.104800604
0.03229656
-0.034764905
-0.041375794
-0.012082098
0.08573918
0.026019748
-0.1245989
0.021207146
0.08677768
-0.073008016
0.002275535
0.030660542
-0.045420974
0.0663265
0.017274594
-0.16221204
0.08762527
0.16950826
-0.19036415
-0.071994334
0.19303484
-0.009886741
-0.1294115
0.034679
0.027371325
0.0129373325
0.018213825
-0.07530073
0.004035638
0.08299403
-0.02663063
-0.05768061
0.01714669
0.016272366
0.053696517
-0.01997011
-0.120133735
0.09896859
0.12911561
-0.21668552
-0.052551113
0.24981059
-0.04838948
-0.14273255
0.05826286
0.04671337
-0.017654486
0.019315321
-0.06881775
0.022194102
0.08629279
-0.06515246
-0.07031632
0.06657658
0.0067922426
0.017177233
0.004936689
-0.1059021
0.07670958
0.11999629
-0.19164892
-0.03565068
0.23459582
-0.06421323
-0.19408672
0.10883815
0.0877799
-0.053641155
-0.047664057
0.0031364965
0.049265712
0.037954852
-0.08866569
-0.0065612528
0.07131473
-0.032802448
0.0043620784
0.027961208
-0.08344264
0.072563216
0.082266696
-0.18069121
-0.013032783
0.20327666
-0.054162312
-0.16811469
0.09874333
0.080409236
-0.07355017
-0.026590541
0.016066194
0.05224758
0.008790972
-0.110886514
0.019070968
0.11878979
-0.028255194
-0.07648623
0.0369049
-0.014718435
-0.01632391
0.08239651
-0.06046203
-0.04781296
0.08534783
-0.009858106
-0.07559854
0.04306908
0.06848367
-0.0656278
-0.015369406
0.015487764
0.011874016
0.014508444
-0.04164496
0.009058232
0.0465072
-0.038099937
-0.042011492
0.064965375
0.006994597
-0.061342083
0.03911553
-0.0030792265
-0.050109494
0.06569652
0.02932233
-0.10943567
0.04938789
0.08115566
-0.11347894
6.4715295E-4
0.098182075
-0.042979356
-0.059557162
0.06615278
-0.0015100236
-0.024066836
0.030053478
-0.04113526
-0.01255744
0.08926511
-0.045821868
-0.06321864
0.0576997
0.0059923693
-0.022890888
0.040866088
-0.055214174
-0.010839335
0.094190344
-0.05165388
-0.065232635
0.088820316
0.005238312
-0.08018779
0.052812647
0.020706985
-0.056300398
0.031233244
0.014472173
-0.036685366
0.03325679
-0.0039020078
-0.023360504
0.01874262
-0.011410127
-0.011370039
0.05700482
-0.051042996
-0.027999388
0.09446524
-0.053278442
-0.07030678
0.10519004
0.0020750894
-0.09458742
0.07299466
0.015905837
-0.085303925
0.067930065
0.022909978
-0.07812224
0.029058887
0.04126507
-0.041730866
0.014773796
0.0041349065
-0.034827903
0.04598413
-0.008048369
-0.04276364
0.053413983
-0.0031479506
-0.061084367
0.06549035
0.0044937995
-0.08913912
0.07212797
0.055870872
-0.114137545
0.018328365
0.082272425
-0.069407634
-0.016386906
0.0609221
-0.034385014
-0.0070003243
0.026233558
-0.0344881
0.017933201
0.022648444
-0.03899335
0.02175503
0.016087191
-0.057247266
0.050678376
0.030091658
-0.091905266
0.040461376
0.07203824
-0.09822026
-0.014865428
0.10591546
-0.041618235
-0.055426076
0.05426158
-0.0048145126
-0.026117109
0.034259018
-0.021913478
-0.0044823457
0.027417142
-0.026840622
2.9971392E-4
0.026600087
-0.019993018
-0.0025733397
0.018095465
-0.028480457
0.009256769
0.026012113
-0.024357006
-0.008304175
0.024148924
-0.0077123833
-0.01393956
0.01255744
0.0017200143
-0.0054483027
0.0014432084
-3.4934806E-4
2.9971392E-4
0.0012370357
-0.001332486
-1.4699345E-4
6.986961E-4
-5.9942785E-4
2.5198876E-4
8.590526E-5
-1.8517356E-4
-1.5844748E-4
1.8326455E-4
6.108818E-5
-5.5361168E-5
-1.4317544E-4
1.01177306E-4
7.445123E-5
-1.0881333E-4
-3.8180115E-6
-5.727017E-6
4.3907134E-5
-7.636023E-6
1.3363041E-5
0.0
-1.7181052E-5
7.636023E-6
-9.545029E-6
5.727017E-6
7.636023E-6
3.8180115E-6
-2.0999063E-5
-3.8180115E-6
5.727017E-6
-1.9090057E-5
3.8180115E-6
7.636023E-6
-9.545029E-6
1.1454034E-5
1.9090057E-6
0.0
