18
18
2
2
14
14
2
2
2
2
4
4
3
3
3
3
3
3
3
0
0
0
0
2
2
2
2
2
2
3
3
3
3
3
3
3
3
3
3
3
0
0
3
3
2
2
2
2
2
3
3
3
3
3
3
3
3
3
3
3
0
0
2
2
2
2
3
3
3
3
3
3
3
3
3
3
3
3
3
4
4
0
0
3
3
14
14
2
2
3
3
3
3
3
3
3
3
3
3
3
3
3
1
1
4
5
5
6
6
7
7
7
7
7
7
7
7
7
7
7
0
0
7
7
7
7
7
7
7
7
7
7
7
7
7
7
7
29
29
29
29
0
0
7
7
7
7
7
7
7
7
7
7
7
7
7
7
7
27
27
27
27
0
0
3
5
5
4
4
3
3
3
3
3
3
3
3
3
3
3
1
1
0
0
2
2
3
3
3
3
2
2
3
3
3
3
3
3
3
3
3
0
0
0
0
14
14
2
2
3
3
3
3
3
3
3
3
3
3
3
3
3
0
0
2
2
2
2
2
2
2
3
3
4
4
3
3
3
3
3
3
3
0
0
2
2
2
2
2
2
2
2
3
3
3
3
3
3
3
3
3
3
3
0
0
4
4
5
5
6
7
7
7
7
7
7
7
7
7
7
7
7
0
0
8
7
7
7
7
7
7
7
7
7
7
7
7
7
7
29
29
29
0
0
7
7
7
7
7
7
7
7
7
7
7
7
7
7
7
14
14
27
27
0
0
3
3
5
5
4
3
3
3
3
3
3
3
3
3
3
3
3
0
0
0
1
1
3
3
11
11
11
11
3
3
3
3
3
3
3
3
3
0
0
0
0
3
3
11
11
11
11
3
3
3
2
2
3
3
3
3
2
2
0
0
0
0
1
1
11
3
3
1
1
2
2
3
3
3
3
2
2
0
0
0
2
2
11
11
1
1
11
11
11
11
3
3
3
3
2
3
3
3
3
0
0
3
3
4
4
5
5
6
6
6
6
6
6
6
6
6
6
6
6
6
0
0
3
3
4
3
3
1
1
3
3
3
3
3
3
3
3
2
2
0
3
3
4
4
5
5
7
7
7
7
7
7
7
7
7
7
7
7
7
0
0
3
3
3
3
4
4
3
3
3
3
3
3
3
3
3
3
3
0
0
0
0
1
1
1
1
1
11
11
11
11
3
3
3
3
3
3
1
1
0
0
0
1
1
3
3
11
11
11
11
1
1
2
2
3
3
3
3
3
0
0
0
0
3
3
11
11
11
11
3
2
2
3
3
3
3
3
3
3
3
0
0
2
2
11
11
11
3
3
11
11
3
3
3
3
3
3
3
3
1
0
0
3
3
4
4
5
5
6
6
6
6
6
6
6
6
6
6
6
6
6
0
0
3
3
2
2
2
2
3
3
3
3
3
3
3
3
3
3
3
1
1
1
1
4
5
5
6
6
7
7
7
7
7
7
7
7
7
7
7
0
0
0
0
0
0
0
0
0
0
0
0
0
0
0
0
0
0
0
0
0
0
0
0
0
0
0
0
0
0
0
0
0
0
0
0
0
0
0
0
0
0
0
0
0
0
0
0
0
0
0
0
0
0
0
0
0
0
0
0
0
0
0
0
0
0
0
0
0
0
0
0
0
0
0
