-1.5102175E-5
8.093647E-5
-0.024197431
0.04341165
-0.03467392
-0.015445945
-0.048322763
0.037113708
0.07547418
0.050368045
0.019634394
-0.021672124
0.021288138
0.06290117
-0.0067461412
-0.12758775
-0.064907916
0.091520354
0.06261943
-0.008208311
-0.02479559
-0.02439801
-0.10397008
-0.021873094
-0.050947465
0.02016817
0.11191259
0.045252714
0.039486762
-0.026834663
0.026939986
0.042530857
-0.018009624
-0.10093566
-0.047834013
-0.0073772445
0.06363788
0.07662094
0.0051069963
-0.0014726857
-0.02175071
-0.02446116
-0.23482752
0.0466514
0.12116251
0.037760526
0.04905947
-0.018088043
0.026497604
0.0062715416
-0.017803954
-0.07914988
-0.052986093
0.028986052
0.08411307
0.03724241
-0.039799657
0.0012433005
0.04868902
0.0016748311
-0.021571666
-0.025325395
-0.082046196
0.05296288
0.024116887
-0.020112405
0.020617489
0.026353294
-0.04699769
-0.057389494
-0.051816735
0.040952735
0.07070447
0.029913493
-0.0128412675
0.0034531401
0.014606152
0.0332617
-0.015011953
9.0411684E-4
-0.013010188
-0.023547031
-0.02266747
-0.058858823
0.028840343
0.035224255
-0.059460897
-0.047360085
-0.04072749
0.05390844
0.07812332
0.024523526
-0.0018145542
-0.0025507014
0.041390363
0.047310304
-0.04926816
-0.11993006
0.05538493
0.058167424
-0.007642931
-0.022475895
-0.022566285
0.039644662
-0.13227485
0.12203508
-0.019227361
0.026796348
-0.015631367
0.0010350583
0.04783832
-0.022156456
0.04946348
-0.019573985
-0.02714448
-0.0027481483
-0.034637507
0.01594991
0.006323672
0.002857723
-0.013607451
-0.021940552
-0.020904262
-0.051162813
0.045863904
0.027133629
-0.018522033
0.03440074
0.043506343
0.034681976
-0.009844045
-0.020096296
-0.01301276
0.0058639506
-0.0049559185
-0.00519705
-0.03636833
-0.0069937613
0.009016111
0.023600671
-0.0025170292
-0.021306874
-0.023719363
-0.011421047
-0.04205603
0.015371273
0.07153659
-0.04432354
0.0042359363
0.053630453
-0.019939065
0.05614994
-0.023153087
-0.015001046
-0.0066342736
-0.032480974
0.022991104
0.0086041
-0.021633418
0.018924816
-0.0041849245
-0.018152142
-0.021271246
-0.0373842
-0.012456106
-0.08181452
0.12846021
-0.0013652925
0.022947978
0.033384196
0.025334792
-0.028589536
-0.1009365
-0.042217515
0.011863765
0.06541462
0.046946786
-0.050692573
0.0012924105
0.0703504
0.031061258
-0.014330789
-0.026987195
-0.02671183
-0.050701637
0.006203638
-0.034149315
-0.07903225
0.012955484
0.06404821
0.102872826
0.020798324
-0.024765497
-0.015052225
0.057803012
0.028180433
-0.09283732
-0.0892779
-0.024052897
0.103949726
0.057378754
-0.008966553
-0.024596408
-0.025672747
-0.12545668
-0.049745444
-0.034939498
0.094285674
0.09790645
0.048620835
-0.043484867
-7.3648273E-4
0.056255545
0.019848397
-0.09061607
-0.064617
-0.029799331
0.050722443
0.07663117
-0.015721029
0.035109982
0.0010076506
-0.022356588
-0.025400348
-0.24962883
0.11659522
0.07876136
0.08564695
-0.03439246
0.010163652
0.0230184
0.01426613
-0.076956764
-0.07514747
-0.016144784
0.086691625
0.07506782
-0.033406515
-0.017050412
0.01653235
0.04176618
0.0015278367
-0.021499624
-0.024743067
-0.07803355
0.078641556
-0.01021595
-0.029061114
0.030592363
0.020126332
-0.05363694
-0.09627558
0.017089788
0.08113811
0.08259133
-0.02522147
-0.015896158
0.0068576736
0.045576517
0.022132795
-0.06263135
0.027364694
-0.010535892
-0.023952385
-0.023282351
-0.10673557
0.082176074
-0.024394318
-0.0140764015
0.059626125
0.01977406
0.06345391
-0.035988763
0.020851629
-0.0020287253
0.0026999332
0.02356616
-0.058358774
0.0059463414
-0.029500028
0.015820479
0.016671626
-0.01751718
-0.02223275
-0.020617042
0.030990278
-0.032442827
-0.029004678
0.02243993
0.06797578
0.017785272
-0.019344207
0.015912825
0.037482925
0.006786078
-0.009977895
-0.029937768
-0.012480437
-0.017032623
-4.3952922E-4
-0.0017294787
0.022305408
-0.011267285
-0.022275819
-0.023530418
-0.061216105
0.043391343
0.027795833
-0.024047304
0.026776994
0.052427087
-0.025655517
0.025377022
-0.008255855
0.019036124
0.013461967
-0.04749164
0.012188015
-0.028533937
-0.016095674
0.05866451
-0.011683322
-0.006438672
-0.019628633
-0.021399222
-0.1307001
0.12658435
-0.09784587
0.09509884
0.035840314
-0.049393732
-0.059102025
0.09834284
0.07410201
-0.23656975
0.20026687
-0.03553301
-0.012017751
-0.1043515
0.08707707
0.054439537
-0.012326842
-0.0135061545
-0.024911484
-0.022399656
-0.01736448
-0.021417849
-0.15253857
0.15893668
0.03297918
-0.027399596
-0.08919551
0.20062333
-0.016877295
-0.19907877
0.19781779
-0.026238183
0.011735564
-0.11667213
0.12966353
0.018842144
-0.019298734
-0.0069854828
-0.022486132
-0.020899955
-0.01690901
-0.11990987
-0.052038066
0.19901606
0.007578495
-0.1923597
0.17391708
0.048015967
-0.045431145
-0.066948555
0.12893029
0.042292465
-0.22452822
0.20563199
-0.051672816
-0.02384527
0.038463898
-0.0072560357
-0.020875568
-0.021014564
-0.017125754
-0.2795352
0.26646343
-0.0015328148
-0.049246624
-0.023265515
0.13285658
0.054291926
-0.23197332
0.16615452
0.03585659
-0.0655968
-0.013007838
0.06911745
0.097329654
-0.1928885
0.122587204
-0.014586016
-0.021344015
-0.020699041
-0.018184416
-0.14526117
0.14979008
-0.017900776
-0.19011831
0.24903044
-0.0044881986
-0.0802595
-0.002158772
0.08366504
0.06982334
-0.2474917
0.18638265
0.030988095
-0.0990164
0.020799778
0.03971117
0.036500614
-0.02136018
-0.01512108
-0.024132324
0.027541723
-0.16313581
0.020106029
0.078019515
-0.004100576
-0.013159644
0.047007866
0.041740283
0.03249725
0.0052390564
-0.020743564
-0.012155237
0.043469317
-0.03502832
-0.0055549154
-0.022564104
-0.013717976
0.045669366
-0.011240157
-0.018454019
-0.022490103
-0.12505977
0.10636696
-9.028863E-4
0.034065753
0.03140022
-0.132936
0.062734544
0.04536917
0.10238279
-0.25435597
0.1724731
0.03674074
-0.12817982
0.038808227
0.017342666
0.046734855
-0.009923136
0.0030266435
-0.023611132
-0.024813488
-0.03413209
-0.032479297
0.07940203
-0.04523034
0.036280457
0.015269417
0.05505442
-0.033866122
0.028170757
-0.0010342753
0.0139727555
0.016717212
-0.061507914
0.0105159795
-0.036016896
6.036395E-4
0.031952903
-0.017871018
-0.024116887
-0.023971234
-0.037276305
-0.09044569
0.09869886
0.017782083
0.011095568
0.07550002
-0.23141934
0.17202596
0.024920378
-0.063482605
-0.010395163
0.04406255
0.11860006
-0.25132328
0.17243819
0.00131484
-0.0044551417
-0.018615667
-0.024418538
-0.021848539
-0.07669595
0.001164937
-0.012598178
-0.06471986
0.18260968
0.023114046
-0.20162131
0.16820008
0.03063023
-0.04981027
-0.0561632
0.1004911
0.070361644
-0.23653792
0.19584204
-0.02962711
-0.0011243848
-0.014776862
-0.021687394
-0.019861093
-0.015266397
-0.022820057
-0.19638929
0.23734896
0.0048356606
-0.0467777
-0.033229034
0.115451425
0.057115752
-0.22548582
0.16714142
0.032794595
-0.06685643
-0.0055588866
0.046535674
0.032275304
-0.019544171
-0.00562226
-0.02290737
-0.02111614
-0.016999902
-0.16541994
0.072891034
0.14584903
-0.017847303
-0.19139528
0.2217936
0.0055760024
-0.09859863
0.014288839
0.061907224
0.09760804
-0.24533169
0.187271
0.024706487
-0.0923032
0.06689995
-0.009184975
-0.021250214
-0.021622399
-0.017728163
-0.29817012
0.33839872
-0.042273615
-0.13142265
0.10366983
0.08722921
0.0026497045
-0.17902443
0.21758123
0.0031874538
-0.15209736
0.06628859
0.035976063
0.10010902
-0.25682932
0.16900569
0.019303488
-0.017829012
-0.018230842
-0.023760755
0.13487585
-0.17841682
0.00846063
0.07181475
-0.040608574
0.027034683
-0.0015879098
0.0072375773
-0.0037019346
0.014372348
0.04410965
-0.036204387
-0.012839085
-0.0059063486
-0.018983154
0.048374392
-0.023597483
-0.0086581325
-0.020059267
-0.022586476
-0.022003254
-0.0723228
0.051800683
0.05685672
0.02188143
-0.02848052
0.009026458
-0.14812309
0.1902199
0.04350556
-0.18329671
0.102120906
0.004920736
0.0852426
-0.23519349
0.14297979
0.036596037
0.002436708
-0.0021605059
-0.024162976
-0.024037795
0.05541396
-0.030485641
-0.077575505
0.1061778
-0.088212974
0.078022085
-0.013381477
0.060223613
-0.031206463
0.0065498133
-4.008229E-4
-0.031132909
0.043901965
-0.02715757
-0.03164627
0.023555981
-5.8932044E-4
-0.01374365
-0.022948034
-0.022460625
-0.03164974
-0.018737996
-0.008606506
-0.0039426186
-0.0017968791
-8.105393E-4
-3.5546045E-4
-1.4777758E-4
-5.4032225E-5
0.0
0.0
0.0
0.0
0.0
0.0
0.0
0.0
0.0
0.0
0.0
0.0
0.0
0.0
0.0
0.0
0.0
0.0
0.0
0.0
0.0
0.0
0.0
0.0
0.0
0.0
0.0
0.0
0.0
0.0
0.0
0.0
0.0
0.0
0.0
0.0
0.0
0.0
0.0
0.0
0.0
0.0
0.0
0.0
0.0
0.0
0.0
0.0
0.0
0.0
0.0
0.0
0.0
0.0
0.0
0.0
0.0
0.0
0.0
0.0
0.0
0.0
