0.0
-7.189237E-5
7.2714E-4
7.916964E-4
0.0077813957
-0.014576252
0.0133311935
-0.008407886
0.016540233
0.0036935073
0.040196054
0.22346027
-0.6008374
0.25329384
0.23358272
-0.653134
0.9352713
-0.7120259
-0.0682285
0.78645384
-0.5676677
-0.6153271
1.0701661
0.19872841
-1.1564044
-0.03355584
1.220616
0.10164906
-1.3272635
-0.07641719
0.84638447
0.82143813
-0.5320775
-1.4060502
0.15052737
0.7823152
1.259348
-0.65174073
-0.8021431
-1.121893
0.71819186
1.1316267
0.6085959
-0.16392429
-1.4595692
-0.2997372
-0.476407
1.2036386
1.0382309
-0.049115695
-0.07075764
-1.1218579
-0.92832065
0.2866698
0.38091043
0.81403935
0.9904961
-0.19547477
-0.8464473
-0.3691858
-0.87911546
-0.275687
0.77758527
0.81633407
0.2615289
0.6038768
-0.09541409
-0.965911
-0.72207963
-0.1427665
-0.25026557
0.12803268
0.891564
0.7245184
0.18237011
-0.060499046
-0.11618717
-0.64533764
-0.8221195
-0.24993075
0.047872104
0.3646968
0.3420777
0.76055706
0.3318769
0.090077326
-0.22161601
-0.53761935
-0.48411414
-0.4719168
-0.08821282
0.011021247
0.30630288
0.541405
0.60447633
0.092092074
-0.018865146
-0.036945637
-0.2748369
-0.5073732
-0.5724446
-0.016251784
0.13469608
0.09026043
0.2816385
0.40608832
0.508255
0.005576794
-0.15523587
-0.139176
-0.21256138
-0.33630165
-0.3796416
-0.122945055
0.21266937
0.1510893
0.17692624
0.23214017
0.28893045
0.20005593
-0.17727222
-0.18647003
-0.124111176
-0.15742904
-0.24560311
-0.15803382
0.030465053
0.17015134
0.15528987
0.095480405
0.16630524
0.16369893
0.048750658
-0.1597924
-0.10822237
-0.101682514
-0.10850525
-0.120240726
-0.09340639
0.020286854
0.16904038
0.09793942
0.06784967
0.073388025
0.084071234
0.051612265
-0.08911867
-0.12664737
-0.061562173
-0.05820377
-0.06309157
-0.05312934
0.0033108639
0.10498223
0.08503048
0.055171378
0.00703841
0.07526603
0.0018231318
0.0016497099
-0.10798968
-0.056725137
-0.023312496
-0.022761125
-0.044790413
0.004472879
0.024519114
0.079833984
0.04473114
0.020145416
-0.01250047
0.047883548
2.670288E-4
-0.040159665
-0.0538066
-0.03959597
0.0021896362
-0.011164445
-0.0016567523
-0.016188694
0.035979345
0.060286887
-1.173753E-5
0.013061817
0.005749629
-0.007865906
0.016918477
-0.041012105
-0.028428884
-0.0156091545
0.0023222703
-0.004224337
-0.0019170321
-0.008216565
0.038777277
0.021119045
8.741525E-4
-0.0035356374
0.0032225389
0.012225225
-0.00630188
-0.03455822
0.007523463
-0.018474579
-0.0032551105
0.0052264286
-0.020478176
0.017832829
0.01645719
0.009901194
0.012255742
-3.4332275E-5
-0.008703672
0.011458177
-0.013695937
-0.011805608
-0.0019094027
-0.0038038401
-0.006715628
-0.003324362
-0.0061818636
0.022255238
0.011871338
-6.995568E-4
2.9138417E-4
-0.004799476
0.008528196
-0.0064025293
-0.01001182
0.0010402387
0.00293673
-0.01235023
0.00637612
0.0011033278
-0.0025910598
0.0037240249
0.0054306616
-0.010490124
0.009507692
0.010931749
-0.008768522
0.0024742712
-0.0019663298
-0.008258233
0.00382262
-0.0026297937
-0.005116389
-9.5690216E-4
-0.0041495105
0.015154325
-0.0026435852
-0.0020572955
-0.0011479304
0.018532386
-0.0076581514
-0.00947072
0.005179772
-0.0083383415
9.252108E-4
-0.0041976343
3.4684403E-4
0.01142766
-0.007199214
0.0019942063
0.008318388
-0.011334932
0.011175596
-0.0021462073
-0.0053884066
0.0069131115
-0.003758944
-0.012834696
0.012499003
-0.0035564716
-0.0016725981
-4.950303E-4
0.009578705
-0.0065627466
0.0036339392
-2.3768498E-5
0.0024000315
-0.005339109
-0.0037648128
0.008713942
-0.0053138733
-5.859962E-4
-0.004858457
0.0022656368
0.0051002502
-0.0019281828
0.0066006
-0.0044153654
-0.00511815
0.01235199
-0.016780267
0.00927705
-0.0071414066
0.008771749
-0.0061897864
0.004116645
-0.0017532936
8.181058E-4
-0.0016001188
1.9542988E-4
0.0024337769
-0.0049438477
0.00389686
0.0013102018
-0.004048861
0.003108098
0.0011147719
-0.0063549923
0.0050468445
0.0019449088
-0.0031811642
0.0028032155
-0.005291865
0.001867441
0.0024079543
-0.0027850224
8.043143E-4
-0.0024628271
0.0035106952
9.043767E-4
8.6945755E-4
-0.0043243994
0.0010971656
2.2506714E-4
-0.003751608
0.005904858
-0.0028131926
-0.0010387714
0.0024681091
1.8780048E-4
-4.219642E-4
-0.0012591436
0.0012887808
-5.507836E-4
-0.0027401263
0.0015701881
-0.0011758071
0.0056883004
-0.0068937447
0.003325829
-5.722046E-4
0.003660642
-0.0047293445
4.8534686E-4
6.091778E-4
3.6004873E-4
-6.84298E-4
-0.0033228947
0.00846628
-0.007853875
0.00836123
-0.0049329903
-0.0013621404
9.395893E-4
-4.3751643E-4
-0.0024246802
0.005013686
-0.007548699
0.008347144
-0.0028947683
3.8851224E-4
-0.0030221206
0.0034678532
-9.64825E-4
1.8222515E-4
-0.0015971845
1.7048762E-4
0.0014701256
-0.0018953177
0.0028266907
-0.0022706252
6.837111E-5
-0.001337785
0.0018404447
-5.1351695E-4
3.3686712E-4
4.0670543E-4
-4.6451276E-4
-6.573017E-5
9.7010686E-4
-0.0025279706
0.001560798
-8.93226E-4
4.6774058E-4
0.0017224825
-0.003069951
0.0019616347
0.0017371544
-0.0050697327
0.0038543115
-4.1081355E-5
-0.0035790664
0.0027885437
0.0014407819
-0.0026250987
-6.097647E-4
0.001993913
6.188613E-4
-0.0011259225
1.5464195E-4
5.906912E-4
-5.6780304E-4
-0.0013961792
0.0018973717
-0.0012233441
7.148156E-4
-0.0017811701
5.915715E-4
-8.806082E-4
0.002457252
0.001026447
-0.0023008494
-0.002155304
0.005569458
-0.0056774435
0.0017418495
0.0017923209
-0.0018894488
-6.2502346E-5
0.0028689457
-0.0028381348
4.6862088E-4
-0.0013486422
9.111258E-4
0.0013703567
-0.0017409691
0.0014205346
-3.5946185E-4
-0.0027923584
0.0028660113
0.0011807955
-0.0030221206
8.430481E-4
0.0015522883
-0.001979241
0.0012526879
1.3234065E-4
-0.0016326904
0.001244765
-3.788288E-4
0.0019713182
-0.0033519452
0.0014839172
-8.738591E-4
0.0016382658
-0.0012479929
-2.0570021E-4
6.162203E-6
8.703378E-4
-4.912156E-4
0.0016432542
-0.0040048454
0.0032193111
-0.0010789725
-2.4531438E-4
6.4468384E-4
-3.6180936E-4
-9.014423E-4
3.6327654E-4
7.597116E-4
-7.4386597E-4
0.0010211652
-6.261972E-4
-0.0013697698
0.0021585317
-0.0018559969
7.033715E-4
2.20959E-4
-0.0014038086
0.0019217271
5.8893056E-4
-0.0021274274
6.945683E-4
-2.024724E-5
6.335332E-4
-0.001753587
3.5623403E-4
0.0013624338
-0.0013160706
6.267841E-4
-3.3716054E-4
8.351253E-4
-8.8647695E-4
2.85222E-4
-1.4671913E-4
-0.0013401324
0.0015223577
-3.1808706E-4
2.147968E-4
-3.4390963E-4
8.53025E-4
-0.0017409691
3.5799466E-4
5.187988E-4
-4.6275213E-4
0.0012438848
-6.743211E-4
-0.0011379535
8.4216776E-4
3.7706815E-4
-9.847787E-4
6.863521E-4
-0.00110949
0.0012368422
-6.9075363E-4
4.6832746E-4
-6.5466075E-4
1.0035588E-4
-4.7243557E-5
5.4608856E-4
-4.486671E-4
2.0129864E-4
-5.437411E-4
0.0015657865
-0.0020297123
5.375789E-4
4.3252797E-4
-4.3076737E-4
3.7325345E-4
-9.1171265E-4
6.84298E-4
1.610976E-4
-5.6340144E-4
1.4525194E-4
-2.4648813E-5
1.68727E-4
-3.192608E-4
7.368234E-4
-7.462135E-4
-2.0540679E-6
-2.2682777E-4
2.3269653E-4
3.2160833E-4
-9.5044647E-4
8.5361185E-4
-6.8723236E-4
5.70444E-4
-4.4367864E-4
1.963102E-4
1.7518263E-4
-4.1374794E-4
-1.5933697E-4
8.186927E-5
3.8146973E-6
1.9572332E-4
5.076482E-5
-3.5065872E-4
1.4671913E-4
-2.6996318E-5
-2.8434166E-4
5.997878E-4
-7.403447E-4
-4.7243557E-5
3.6679782E-4
-3.2014115E-4
2.547044E-4
3.3716054E-4
-5.9479935E-4
9.331336E-5
-2.1831806E-4
5.0588755E-4
-8.753263E-4
6.3881505E-4
-6.514329E-5
-3.022414E-5
-3.2777054E-4
3.0194796E-4
-2.6438787E-4
2.0658053E-4
-3.0400202E-4
3.0517578E-5
8.597741E-5
2.746582E-4
-4.571768E-4
2.814073E-4
-3.753075E-4
-2.2359994E-4
3.9878258E-4
1.1150653E-5
-1.6579262E-4
-7.013174E-5
5.2232008E-5
1.7987765E-4
-3.3422618E-4
3.8146973E-6
1.311669E-4
-2.5206344E-4
7.3653E-5
-1.0035588E-4
1.3820942E-4
-2.869826E-4
4.2489858E-4
-4.68034E-4
3.016545E-4
-1.1003934E-4
-2.3064247E-4
-9.3019924E-5
-1.4965351E-5
1.3498159E-5
2.0305927E-4
-2.4795532E-4
2.5558472E-4
-3.230755E-4
6.661048E-5
1.1326717E-4
-3.1045766E-4
-1.0857215E-5
2.0834115E-4
-1.05050894E-4
-1.5786978E-4
-1.4437162E-4
5.0207286E-4
-4.090529E-4
-1.1444092E-4
2.4795532E-4
-1.2823251E-4
-1.9425612E-4
3.298246E-4
-3.6298312E-4
2.2888184E-5
8.627085E-5
-6.98383E-5
-8.74446E-5
-5.868765E-6
-8.8031476E-7
1.8163827E-4
-3.4273588E-4
3.315852E-5
2.3680467E-4
-2.599863E-4
7.306613E-5
-2.670288E-5
-1.8075797E-4
7.3653E-5
-6.719736E-5
-6.4556416E-6
6.4556416E-6
-8.157583E-5
2.9050387E-5
5.5753267E-6
-6.220891E-5
-1.9366924E-5
-1.2030969E-5
-7.9521764E-5
2.4061937E-5
-1.0417058E-4
7.306613E-5
0.0
-5.4579516E-5
-3.6386344E-5
-2.024724E-5
-5.9567967E-5
4.4015737E-6
-6.015484E-5
4.196167E-5
-9.74215E-5
-3.8146973E-5
7.7761135E-5
-8.773804E-5
-3.0517578E-5
-1.5258789E-5
-8.186927E-5
5.2232008E-5
-4.37223E-5
-4.1081355E-5
1.848661E-5
-9.1259295E-5
1.2324406E-5
1.4671912E-5
-5.2525447E-5
-7.042518E-6
1.4085036E-5
-3.8440412E-5
-2.7289758E-5
-1.4378475E-5
-1.7899732E-5
2.6409443E-6
-2.875695E-5
-2.2888184E-5
1.6139104E-5
-3.1397893E-5
-2.347506E-6
-1.7606295E-5
-2.4061937E-5
-1.4671913E-6
-1.4965351E-5
-4.4015737E-6
-1.3498159E-5
-1.3791598E-5
-2.6409443E-6
-1.0270339E-5
-1.173753E-6
-1.2617845E-5
-9.9769E-6
-4.1081357E-6
-1.2324406E-5
-6.4556416E-6
-1.0270339E-5
-7.335956E-6
-7.922833E-6
-3.2278208E-6
-2.9343826E-6
-6.7490796E-6
-3.8146973E-6
-5.2818887E-6
-9.390024E-6
-7.042518E-6
-8.509709E-6
0.0
0.0
0.0
0.0
0.0
0.0
0.0
0.0
